2001    1    9.05888
2001    2    9.50828
2001    3   10.27297
2001    4   10.42879
2001    5   10.50302
2001    6   10.54971
2001    7   10.55450
2001    8   11.37112
2001    9   11.88318
2001   10   11.64961
2001   11   11.04220
2001   12   10.68480
2001   13   10.66770
2001   14   10.94195
2001   15   11.13318
2001   16   11.82913
2001   17   12.50001
2001   18   12.73746
2001   19   12.65648
2001   20   12.46978
2001   21   12.46994
2001   22   12.49321
2001   23   12.49736
2001   24   12.51084
2001   25   12.48182
2001   26   12.47769
2001   27   12.45557
2001   28   11.81403
2001   29   12.17011
2001   30   13.10451
2001   31   12.99087
2001   32   12.92234
2001   33   12.95061
2001   34   12.99455
2001   35   12.99881
2001   36   12.99598
2001   37   13.02061
2001   38   13.00696
2001   39   12.97324
2001   40   12.94629
2001   41   12.90887
2001   42   12.87306
2001   43   12.85097
2001   44   12.70587
2001   45   12.78744
2001   46   12.81058
2001   47   12.77585
2001   48   12.75169
2001   49   12.76452
2001   50   12.76736
2001   51   12.73792
2001   52   12.68966
2001   53   12.58864
2001   54   12.54100
2001   55   12.57160
2001   56   11.97114
2001   57   11.89807
2001   58   11.91920
2001   59   11.92821
2001   60   12.02220
2001   61   12.13729
2001   62   12.20798
2001   63   12.25877
2001   64   12.25531
2001   65   12.21586
2001   66   12.17226
2001   67   12.09660
2001   68   11.98469
2001   69   11.95818
2001   70   11.93817
2001   71   11.86867
2001   72   11.78888
2001   73   11.81168
2001   74   11.76226
2001   75   11.59295
2001   76   10.82599
2001   77   11.66407
2001   78   11.61114
2001   79   11.52615
2001   80   11.50220
2001   81   11.44485
2001   82   11.36464
2001   83   11.28465
2001   84   11.19400
2001   85   11.03741
2001   86   10.85995
2001   87   11.00473
2001   88   10.92153
2001   89   10.84785
2001   90   10.77168
2001   91   10.69059
2001   92   10.41141
2001   93   10.56415
2001   94   10.55684
2001   95   10.27801
2001   96   10.27715
2001   97   10.21497
2001   98   10.31844
2001   99   10.15341
2001  100   10.26871
2001  101   10.31976
2001  102   10.17583
2001  103   10.03157
2001  104   10.20726
2001  105   10.08729
2001  106    9.86114
2001  107    9.76755
2001  108    9.57594
2001  109    9.48715
2001  110    9.67081
2001  111    9.64107
2001  112    9.75041
2001  113    8.89716
2001  114    8.70930
2001  115    8.21589
2001  116    8.01726
2001  117    8.95890
2001  118    9.40676
2001  119    9.03315
2001  120    8.05941
2001  121    7.71603
2001  122    7.63344
2001  123    7.59255
2001  124    7.53907
2001  125    7.54345
2001  126    7.55336
2001  127    7.50154
2001  128    7.40075
2001  129    7.82934
2001  130    8.02660
2001  131    8.24310
2001  132    8.13851
2001  133    8.02236
2001  134    7.55016
2001  135    7.00044
2001  136    6.93532
2001  137    7.05515
2001  138    7.36588
2001  139    7.56122
2001  140    7.59458
2001  141    7.73134
2001  142    7.81423
2001  143    7.69498
2001  144    7.33428
2001  145    6.95684
2001  146    7.04481
2001  147    7.59692
2001  148    7.69614
2001  149    7.55646
2001  150    7.35622
2001  151    7.41394
2001  152    7.25536
2001  153    7.01743
2001  154    6.94535
2001  155    7.53833
2001  156    7.73477
2001  157    7.74405
2001  158    7.79701
2001  159    7.81609
2001  160    7.74293
2001  161    7.70531
2001  162    7.56363
2001  163    7.57992
2001  164    7.53978
2001  165    7.35281
2001  166    7.23722
2001  167    7.17943
2001  168    7.13135
2001  169    7.01225
2001  170    6.88180
2001  171    6.35274
2001  172    6.80048
2001  173    6.94460
2001  174    6.93937
2001  175    6.91097
2001  176    6.88172
2001  177    6.84526
2001  178    6.55202
2001  179    5.96649
2001  180    5.83265
2001  181    5.78795
2001  182    5.75363
2001  183    5.73669
2001  184    5.87708
2001  185    5.72690
2001  186    6.04522
2001  187    6.11383
2001  188    5.70428
2001  189    5.64261
2001  190    5.93440
2001  191    5.70380
2001  192    5.54338
2001  193    5.46492
2001  194    5.51139
2001  195    5.63619
2001  196    5.44421
2001  197    5.39352
2001  198    5.37819
2001  199    5.44972
2001  200    5.34617
2001  201    5.26660
2001  202    5.30386
2001  203    5.28710
2001  204    5.28728
2001  205    5.23858
2001  206    5.28934
2001  207    5.24960
2001  208    5.17780
2001  209    5.41086
2001  210    5.39697
2001  211    5.33942
2001  212    5.28029
2001  213    5.20585
2001  214    5.49312
2001  215    5.33914
2001  216    5.18866
2001  217    5.17234
2001  218    5.18047
2001  219    5.17565
2001  220    5.17044
2001  221    5.17186
2001  222    5.18946
2001  223    5.13944
2001  224    5.14423
2001  225    5.14938
2001  226    5.14457
2001  227    5.17662
2001  228    5.20248
2001  229    5.11734
2001  230    5.63982
2001  231    5.25926
2001  232    5.23105
2001  233    5.11043
2001  234    5.44386
2001  235    5.56017
2001  236    5.44545
2001  237    5.22503
2001  238    5.20426
2001  239    5.20493
2001  240    5.18035
2001  241    5.20692
2001  242    6.07505
2001  243    6.12713
2001  244    5.50945
2001  245    5.34254
2001  246    5.39007
2001  247    5.30200
2001  248    5.27447
2001  249    5.61443
2001  250    5.57158
2001  251    5.34413
2001  252    5.58643
2001  253    5.40979
2001  254    5.28187
2001  255    5.32697
2001  256    5.21086
2001  257    5.26392
2001  258    5.29067
2001  259    5.27019
2001  260    5.29549
2001  261    5.74954
2001  262    5.42106
2001  263    5.47923
2001  264    5.43145
2001  265    5.34381
2001  266    5.39093
2001  267    5.37862
2001  268    5.38008
2001  269    5.40490
2001  270    5.44046
2001  271    5.54880
2001  272    5.55868
2001  273    5.45528
2001  274    5.44576
2001  275    5.46408
2001  276    5.51875
2001  277    5.65602
2001  278    6.23680
2001  279    5.70305
2001  280    5.67614
2001  281    5.71900
2001  282    5.75853
2001  283    6.40226
2001  284    6.79162
2001  285    7.08518
2001  286    6.82866
2001  287    6.58709
2001  288    6.78830
2001  289    7.18223
2001  290    6.87245
2001  291    7.62106
2001  292    8.47680
2001  293    8.89459
2001  294    8.03995
2001  295    6.63514
2001  296    6.82368
2001  297    9.00983
2001  298    9.34627
2001  299    9.37677
2001  300    9.40020
2001  301    9.24902
2001  302    8.07724
2001  303    9.51817
2001  304    9.67976
2001  305    9.62321
2001  306    8.02286
2001  307    7.57625
2001  308    7.54432
2001  309    7.55263
2001  310    7.51956
2001  311    7.53848
2001  312    7.51322
2001  313    7.53331
2001  314    7.51215
2001  315    7.51396
2001  316    7.55437
2001  317    7.58498
2001  318    7.60396
2001  319    8.86956
2001  320    9.37594
2001  321    7.74042
2001  322    7.64143
2001  323    7.67408
2001  324    8.38633
2001  325    9.40494
2001  326    9.33583
2001  327    9.39823
2001  328    9.67762
2001  329    9.52645
2001  330    9.56171
2001  331    9.61482
2001  332    9.78008
2001  333   10.15641
2001  334   10.67812
2001  335   10.78277
2001  336   11.28495
2001  337   11.40801
2001  338   11.42142
2001  339   11.45744
2001  340   11.51177
2001  341   11.16372
2001  342   10.41382
2001  343   10.34289
2001  344   10.71706
2001  345   11.23505
2001  346   11.51292
2001  347   11.58330
2001  348   11.73934
2001  349   11.80326
2001  350   11.95930
2001  351   12.21327
2001  352   12.23885
2001  353   12.27132
2001  354   12.32791
2001  355   12.38868
2001  356   12.42237
2001  357   12.42561
2001  358   12.29406
2001  359   12.46600
2001  360   12.48675
2001  361   12.44792
2001  362   12.33591
2001  363   12.24404
2001  364   12.05579
2001  365   12.05298
