2002    1   11.65999
2002    2   12.18756
2002    3   12.33033
2002    4   11.98216
2002    5   11.72855
2002    6   11.70698
2002    7   12.12709
2002    8   12.22575
2002    9   11.75447
2002   10   11.53241
2002   11   11.89321
2002   12   12.03893
2002   13   12.02800
2002   14   11.95306
2002   15   11.80552
2002   16   11.54458
2002   17   11.21303
2002   18   11.14975
2002   19   11.22464
2002   20   11.22599
2002   21   11.28617
2002   22   11.27329
2002   23   11.31660
2002   24   11.65638
2002   25   11.79032
2002   26   11.63743
2002   27   11.62141
2002   28   11.47630
2002   29   11.28859
2002   30   11.98564
2002   31   13.10784
2002   32   12.92970
2002   33   12.89094
2002   34   12.90727
2002   35   12.90660
2002   36   12.89382
2002   37   12.91781
2002   38   12.99875
2002   39   12.99421
2002   40   12.99081
2002   41   12.95784
2002   42   12.79602
2002   43   12.02098
2002   44   12.90499
2002   45   12.89325
2002   46   12.74206
2002   47   12.40184
2002   48   12.78473
2002   49   12.72345
2002   50   12.66043
2002   51   12.67763
2002   52   12.50674
2002   53   12.48055
2002   54   12.44576
2002   55   12.42907
2002   56   12.44312
2002   57   12.47814
2002   58   12.46544
2002   59   12.42606
2002   60   12.35776
2002   61   12.36402
2002   62   12.32953
2002   63   12.27871
2002   64   12.23133
2002   65   12.20322
2002   66   12.16661
2002   67   12.14107
2002   68   12.09594
2002   69   12.02510
2002   70   11.99565
2002   71   11.95951
2002   72   11.90902
2002   73   11.87013
2002   74   11.81715
2002   75   11.76509
2002   76   11.67280
2002   77   11.51597
2002   78   11.48398
2002   79   11.51435
2002   80   11.47938
2002   81   11.39692
2002   82   10.98481
2002   83   11.02570
2002   84   11.22208
2002   85   11.23182
2002   86   11.16147
2002   87   11.07246
2002   88   11.09715
2002   89   11.03164
2002   90   10.98320
2002   91   10.93687
2002   92   10.89200
2002   93   10.83893
2002   94   10.75587
2002   95   10.64734
2002   96   10.48855
2002   97   10.43288
2002   98   10.52494
2002   99   10.50233
2002  100   10.42896
2002  101   10.37168
2002  102   10.30663
2002  103   10.23751
2002  104   10.17486
2002  105   10.08544
2002  106    9.90869
2002  107    9.89466
2002  108    9.89295
2002  109    9.74298
2002  110    9.71928
2002  111    9.86470
2002  112    9.79268
2002  113    9.75597
2002  114    9.70138
2002  115    9.62359
2002  116    9.60156
2002  117    9.55676
2002  118    9.32655
2002  119    9.37277
2002  120    9.34551
2002  121    9.30164
2002  122    9.28773
2002  123    9.26069
2002  124    9.22975
2002  125    9.17172
2002  126    9.04914
2002  127    8.90962
2002  128    8.97832
2002  129    8.86831
2002  130    8.86114
2002  131    8.81685
2002  132    8.13301
2002  133    8.26005
2002  134    8.36205
2002  135    8.37417
2002  136    8.34023
2002  137    8.34032
2002  138    8.46879
2002  139    8.44197
2002  140    8.44706
2002  141    8.46540
2002  142    8.42223
2002  143    8.37469
2002  144    8.31714
2002  145    8.22869
2002  146    8.19527
2002  147    8.14563
2002  148    8.06602
2002  149    8.03736
2002  150    8.04468
2002  151    7.95604
2002  152    7.96329
2002  153    7.88637
2002  154    7.70537
2002  155    7.45400
2002  156    7.59366
2002  157    7.72375
2002  158    7.68066
2002  159    7.63318
2002  160    7.57644
2002  161    7.43362
2002  162    7.57079
2002  163    7.68332
2002  164    7.65038
2002  165    7.62126
2002  166    7.60723
2002  167    7.59791
2002  168    7.58029
2002  169    7.53598
2002  170    7.50496
2002  171    7.42724
2002  172    7.26035
2002  173    7.23019
2002  174    7.17322
2002  175    6.87237
2002  176    6.93405
2002  177    7.04285
2002  178    6.98099
2002  179    6.98836
2002  180    6.93706
2002  181    6.87035
2002  182    6.62829
2002  183    6.38688
2002  184    6.44906
2002  185    6.43741
2002  186    6.50719
2002  187    6.46828
2002  188    6.34919
2002  189    6.01055
2002  190    5.60952
2002  191    5.57568
2002  192    5.49271
2002  193    5.49870
2002  194    5.39189
2002  195    5.36274
2002  196    5.33304
2002  197    5.41972
2002  198    5.30659
2002  199    5.26050
2002  200    5.18515
2002  201    5.18927
2002  202    5.27358
2002  203    5.41799
2002  204    5.30177
2002  205    5.17418
2002  206    5.14945
2002  207    5.34738
2002  208    5.37134
2002  209    5.19323
2002  210    5.23519
2002  211    5.19596
2002  212    5.17528
2002  213    5.23054
2002  214    5.22003
2002  215    5.15270
2002  216    5.12831
2002  217    5.12728
2002  218    5.08709
2002  219    5.05526
2002  220    5.05841
2002  221    5.06877
2002  222    5.02612
2002  223    5.02556
2002  224    5.05549
2002  225    5.04890
2002  226    5.11867
2002  227    5.14493
2002  228    5.28989
2002  229    5.16572
2002  230    5.16903
2002  231    5.28228
2002  232    5.33702
2002  233    5.45134
2002  234    5.61281
2002  235    6.24142
2002  236    6.91025
2002  237    7.24645
2002  238    7.26758
2002  239    7.28679
2002  240    7.24202
2002  241    7.09390
2002  242    6.60365
2002  243    6.24286
2002  244    6.23471
2002  245    6.06758
2002  246    5.60384
2002  247    5.42273
2002  248    5.35365
2002  249    5.34378
2002  250    5.29609
2002  251    5.36912
2002  252    5.34161
2002  253    5.31410
2002  254    5.31483
2002  255    5.30159
2002  256    5.31072
2002  257    5.30060
2002  258    5.31642
2002  259    5.30754
2002  260    5.60025
2002  261    5.53981
2002  262    5.85565
2002  263    5.60301
2002  264    5.44889
2002  265    5.41583
2002  266    5.44944
2002  267    5.47171
2002  268    5.44854
2002  269    5.49097
2002  270    5.44740
2002  271    5.45472
2002  272    5.47655
2002  273    5.53146
2002  274    5.52137
2002  275    5.52996
2002  276    5.57763
2002  277    6.04608
2002  278    5.66825
2002  279    5.71672
2002  280    5.74940
2002  281    5.68902
2002  282    5.78171
2002  283    5.78972
2002  284    5.79983
2002  285    5.89375
2002  286    5.83203
2002  287    5.89569
2002  288    5.84824
2002  289    5.88482
2002  290    5.94217
2002  291    6.47447
2002  292    6.40499
2002  293    6.12524
2002  294    6.18791
2002  295    6.08222
2002  296    6.30027
2002  297    6.36975
2002  298    6.64142
2002  299    6.27604
2002  300    6.25840
2002  301    6.33492
2002  302    6.82892
2002  303    6.47204
2002  304    6.43466
2002  305    6.49211
2002  306    6.49735
2002  307    6.54950
2002  308    6.60482
2002  309    6.95047
2002  310    6.75352
2002  311    6.82555
2002  312    6.85153
2002  313    6.94983
2002  314    6.99890
2002  315    7.09196
2002  316    7.17051
2002  317    7.20771
2002  318    7.25920
2002  319    7.26915
2002  320    7.28301
2002  321    7.36582
2002  322    7.43401
2002  323    7.53075
2002  324    7.52945
2002  325    7.69204
2002  326    7.69004
2002  327    7.71446
2002  328    7.75117
2002  329    7.77602
2002  330    7.76659
2002  331    7.81057
2002  332    7.84094
2002  333    7.88727
2002  334    7.90977
2002  335    7.90568
2002  336    8.19037
2002  337    8.34222
2002  338    8.27145
2002  339    8.26703
2002  340    8.27433
2002  341    8.26622
2002  342    8.21879
2002  343    8.15814
2002  344    8.20275
2002  345    8.22715
2002  346    8.30200
2002  347    8.35019
2002  348    8.33488
2002  349    8.36541
2002  350    8.45453
2002  351    8.62367
2002  352   10.13413
2002  353    9.46082
2002  354    8.92171
2002  355    8.82758
2002  356    8.78949
2002  357    8.76598
2002  358    8.74887
2002  359    8.66765
2002  360    8.69980
2002  361    8.73510
2002  362    8.75141
2002  363    8.99864
2002  364    9.03410
2002  365    9.15187
