2003    1    9.19430
2003    2    9.33121
2003    3    9.30354
2003    4    9.25116
2003    5    9.28447
2003    6    9.30945
2003    7    9.17448
2003    8    9.20864
2003    9    9.22885
2003   10    9.25862
2003   11    9.29215
2003   12    9.25355
2003   13    9.23872
2003   14    9.20046
2003   15    9.24702
2003   16    9.24427
2003   17    9.25982
2003   18    9.25323
2003   19    9.25637
2003   20    9.27900
2003   21    9.24742
2003   22    9.26994
2003   23    9.28405
2003   24    9.38154
2003   25    9.30099
2003   26    9.39858
2003   27    9.40291
2003   28    9.42924
2003   29    9.38758
2003   30    9.39500
2003   31    9.73748
2003   32    9.60086
2003   33    9.56686
2003   34    9.65460
2003   35    9.57104
2003   36    9.70325
2003   37    9.65598
2003   38    9.54542
2003   39    9.58594
2003   40    9.53980
2003   41    9.44979
2003   42    9.44437
2003   43    9.50606
2003   44    9.42418
2003   45   10.31359
2003   46    9.92758
2003   47    9.58276
2003   48    9.54145
2003   49    9.55102
2003   50    9.76422
2003   51    9.69644
2003   52    9.61450
2003   53    9.63781
2003   54   10.38857
2003   55   10.96832
2003   56   10.82053
2003   57   10.59914
2003   58   10.56487
2003   59   10.43718
2003   60   10.34654
2003   61   10.24580
2003   62    9.90017
2003   63    9.51132
2003   64    9.76876
2003   65   10.22420
2003   66   10.26404
2003   67   10.28529
2003   68   10.21661
2003   69   10.17337
2003   70   10.21246
2003   71   10.72040
2003   72   11.25842
2003   73   11.28346
2003   74    9.90610
2003   75   11.10626
2003   76   11.47324
2003   77   10.80126
2003   78   11.37546
2003   79   11.37943
2003   80   11.32316
2003   81   11.25748
2003   82   10.91639
2003   83    9.42659
2003   84    9.20272
2003   85    9.14521
2003   86    9.00553
2003   87    9.99505
2003   88   10.77746
2003   89   10.74303
2003   90   10.54566
2003   91    9.84357
2003   92    8.74681
2003   93    8.55372
2003   94    9.17087
2003   95    9.40393
2003   96    9.53948
2003   97    9.55987
2003   98    9.24044
2003   99   10.25698
2003  100   10.29243
2003  101   10.17467
2003  102   10.03365
2003  103    9.88780
2003  104    9.42388
2003  105    8.58884
2003  106    9.07552
2003  107    9.52322
2003  108    9.43437
2003  109    9.22100
2003  110    9.14312
2003  111    8.69453
2003  112    7.97643
2003  113    7.88199
2003  114    8.21490
2003  115    8.86727
2003  116    8.81121
2003  117    8.58972
2003  118    8.51269
2003  119    8.12643
2003  120    7.57025
2003  121    7.54550
2003  122    7.41252
2003  123    7.46409
2003  124    8.40213
2003  125    8.95126
2003  126    8.99715
2003  127    8.98700
2003  128    8.91072
2003  129    8.80457
2003  130    8.90254
2003  131    8.89117
2003  132    8.82498
2003  133    8.78115
2003  134    8.71501
2003  135    8.68195
2003  136    8.59437
2003  137    8.49337
2003  138    8.42376
2003  139    8.26801
2003  140    8.22574
2003  141    8.23409
2003  142    8.05898
2003  143    7.88435
2003  144    7.73598
2003  145    7.61165
2003  146    7.61308
2003  147    7.71247
2003  148    7.61048
2003  149    7.52492
2003  150    7.31417
2003  151    7.32294
2003  152    7.38388
2003  153    7.46157
2003  154    7.43579
2003  155    7.15020
2003  156    7.00273
2003  157    7.04566
2003  158    6.99401
2003  159    6.86950
2003  160    6.84692
2003  161    6.84752
2003  162    7.01212
2003  163    7.63668
2003  164    7.64917
2003  165    7.62217
2003  166    7.62100
2003  167    7.56998
2003  168    7.54528
2003  169    7.43399
2003  170    7.42264
2003  171    7.27530
2003  172    7.08354
2003  173    7.02479
2003  174    6.80552
2003  175    6.68152
2003  176    6.62165
2003  177    6.81629
2003  178    6.90061
2003  179    6.66312
2003  180    6.56254
2003  181    6.80461
2003  182    6.58596
2003  183    5.87288
2003  184    5.63485
2003  185    5.63673
2003  186    5.57391
2003  187    5.53037
2003  188    5.83131
2003  189    6.16132
2003  190    6.72468
2003  191    7.06795
2003  192    7.09998
2003  193    7.09508
2003  194    7.09970
2003  195    7.12111
2003  196    7.11213
2003  197    7.09009
2003  198    6.95668
2003  199    6.73666
2003  200    6.74717
2003  201    6.75290
2003  202    6.90187
2003  203    6.87417
2003  204    6.78814
2003  205    6.63430
2003  206    6.46423
2003  207    6.21128
2003  208    6.17948
2003  209    6.18847
2003  210    6.15918
2003  211    6.16177
2003  212    6.14540
2003  213    6.10108
2003  214    6.27759
2003  215    6.23288
2003  216    6.24205
2003  217    6.33597
2003  218    6.55432
2003  219    6.64403
2003  220    6.44618
2003  221    6.36797
2003  222    6.29774
2003  223    5.77197
2003  224    5.34577
2003  225    5.26885
2003  226    5.26847
2003  227    5.24372
2003  228    5.20701
2003  229    5.21438
2003  230    5.17463
2003  231    5.19737
2003  232    5.26916
2003  233    5.24211
2003  234    5.22265
2003  235    5.19084
2003  236    5.20299
2003  237    5.23099
2003  238    5.24847
2003  239    5.22370
2003  240    5.23907
2003  241    5.70011
2003  242    5.34284
2003  243    6.27419
2003  244    7.11559
2003  245    7.34686
2003  246    7.39908
2003  247    7.38148
2003  248    7.22586
2003  249    6.91031
2003  250    6.87253
2003  251    6.77233
2003  252    6.65209
2003  253    6.36005
2003  254    6.06941
2003  255    6.07968
2003  256    6.05019
2003  257    6.04619
2003  258    5.98751
2003  259    5.92180
2003  260    5.87907
2003  261    5.88017
2003  262    5.88376
2003  263    5.84297
2003  264    5.86177
2003  265    5.87103
2003  266    5.83624
2003  267    5.83264
2003  268    5.79790
2003  269    6.14736
2003  270    5.96690
2003  271    6.30609
2003  272    6.31681
2003  273    6.18684
2003  274    6.08799
2003  275    6.05058
2003  276    6.03520
2003  277    6.02287
2003  278    6.04954
2003  279    6.35621
2003  280    7.01341
2003  281    7.70811
2003  282    7.79943
2003  283    7.16242
2003  284    6.35847
2003  285    6.27051
2003  286    6.39848
2003  287    6.75775
2003  288    6.35477
2003  289    6.37444
2003  290    6.43802
2003  291    6.43455
2003  292    6.44683
2003  293    6.81260
2003  294    6.64534
2003  295    6.59825
2003  296    6.58457
2003  297    6.62091
2003  298    6.75707
2003  299    6.77241
2003  300    6.82147
2003  301    6.88787
2003  302    6.93928
2003  303    6.95785
2003  304    7.01784
2003  305    7.09719
2003  306    7.10347
2003  307    7.13809
2003  308    7.40093
2003  309    7.38505
2003  310    7.40079
2003  311    7.45005
2003  312    7.52871
2003  313    7.54993
2003  314    7.60718
2003  315    7.74929
2003  316    7.74744
2003  317    7.72558
2003  318    7.79526
2003  319    7.92792
2003  320    7.90494
2003  321    8.44735
2003  322   10.65302
2003  323   10.81924
2003  324   10.89952
2003  325   10.95536
2003  326   11.00951
2003  327   11.06466
2003  328   11.11947
2003  329   11.17399
2003  330   11.22917
2003  331   11.28531
2003  332   11.34221
2003  333   11.39446
2003  334   11.41787
2003  335   11.44293
2003  336   11.46417
2003  337   11.46302
2003  338   11.45011
2003  339   11.49673
2003  340   11.53208
2003  341   11.56620
2003  342   11.61026
2003  343   11.36882
2003  344    9.84191
2003  345   11.80072
2003  346   11.96089
2003  347   11.92614
2003  348   11.89966
2003  349   11.90986
2003  350   11.84585
2003  351   11.88528
2003  352   11.93150
2003  353   11.86310
2003  354   11.84779
2003  355   11.79622
2003  356   11.89833
2003  357   12.38532
2003  358   12.53504
2003  359   12.60124
2003  360   12.65995
2003  361   12.69863
2003  362   12.71025
2003  363   12.70047
2003  364   12.07049
2003  365   12.85901
