2004    1   12.89656
2004    2   12.92174
2004    3   12.92310
2004    4   12.93086
2004    5   12.82265
2004    6   12.93762
2004    7   12.96624
2004    8   12.98508
2004    9   13.02496
2004   10   12.98007
2004   11   12.99132
2004   12   12.99904
2004   13   12.98169
2004   14   13.02397
2004   15   13.02811
2004   16   12.93738
2004   17   13.03649
2004   18   13.04197
2004   19   13.02115
2004   20   12.77028
2004   21   12.77464
2004   22   13.00948
2004   23   13.00148
2004   24   12.99981
2004   25   12.95651
2004   26   12.83703
2004   27   12.49527
2004   28   12.05346
2004   29   12.00170
2004   30   11.99392
2004   31   12.04211
2004   32   11.98526
2004   33   11.92590
2004   34   11.86692
2004   35   11.72959
2004   36   11.67008
2004   37   11.54098
2004   38   11.38559
2004   39   11.21012
2004   40   11.04768
2004   41   10.83134
2004   42   10.59293
2004   43   10.39773
2004   44   10.75567
2004   45   11.45900
2004   46   11.53553
2004   47   11.60950
2004   48   11.68679
2004   49   11.79176
2004   50   12.17246
2004   51   12.35861
2004   52   12.42757
2004   53   12.38368
2004   54   12.37857
2004   55   12.37290
2004   56   12.33132
2004   57   12.23578
2004   58   12.06515
2004   59   11.93542
2004   60   11.89274
2004   61   11.90030
2004   62   11.80922
2004   63   11.72730
2004   64   11.95281
2004   65   12.19659
2004   66   12.17709
2004   67   12.14259
2004   68   12.10286
2004   69   12.06828
2004   70   12.00088
2004   71   11.93832
2004   72   11.86255
2004   73   11.75134
2004   74   11.65539
2004   75   11.34421
2004   76   10.34487
2004   77   10.00743
2004   78   10.00778
2004   79   10.18384
2004   80   10.36008
2004   81   10.65381
2004   82   11.10683
2004   83   11.02861
2004   84   10.77976
2004   85   10.84726
2004   86   11.15595
2004   87   10.86555
2004   88   10.71979
2004   89   10.61671
2004   90   10.59184
2004   91   10.54080
2004   92   10.53047
2004   93   10.59260
2004   94   10.64687
2004   95   10.56620
2004   96   10.60850
2004   97   10.62069
2004   98   10.56742
2004   99   10.51394
2004  100   10.44975
2004  101   10.30895
2004  102    9.94342
2004  103   10.19642
2004  104   10.08474
2004  105    9.91383
2004  106    9.85000
2004  107    9.80034
2004  108    9.73420
2004  109    9.61983
2004  110    9.55618
2004  111    9.54370
2004  112    9.33499
2004  113    9.56206
2004  114    9.57475
2004  115    9.47124
2004  116    9.36289
2004  117    9.28219
2004  118    8.91593
2004  119    8.23969
2004  120    8.67481
2004  121    9.03790
2004  122    9.04832
2004  123    8.92492
2004  124    8.69138
2004  125    8.52798
2004  126    7.99356
2004  127    7.85389
2004  128    8.51164
2004  129    8.55298
2004  130    8.40488
2004  131    8.40594
2004  132    8.30806
2004  133    8.21822
2004  134    8.29546
2004  135    8.71499
2004  136    8.64205
2004  137    8.61510
2004  138    8.53863
2004  139    8.51141
2004  140    8.48697
2004  141    8.45579
2004  142    8.41491
2004  143    8.36743
2004  144    8.30632
2004  145    8.19085
2004  146    8.21753
2004  147    8.23259
2004  148    8.20725
2004  149    8.17208
2004  150    8.13062
2004  151    8.08522
2004  152    8.04402
2004  153    7.99383
2004  154    7.95962
2004  155    7.94580
2004  156    7.91667
2004  157    7.88727
2004  158    7.84095
2004  159    7.79397
2004  160    7.53760
2004  161    7.12114
2004  162    7.50603
2004  163    7.65652
2004  164    7.66032
2004  165    7.62931
2004  166    7.63289
2004  167    7.45695
2004  168    7.31943
2004  169    7.42910
2004  170    7.44155
2004  171    7.45061
2004  172    7.47107
2004  173    7.43699
2004  174    7.37679
2004  175    7.34466
2004  176    7.20550
2004  177    7.12967
2004  178    7.04428
2004  179    7.01999
2004  180    6.98823
2004  181    6.93869
2004  182    6.76166
2004  183    6.65185
2004  184    6.75087
2004  185    6.76964
2004  186    6.70980
2004  187    6.68084
2004  188    6.48074
2004  189    6.67747
2004  190    6.75044
2004  191    6.66932
2004  192    6.97545
2004  193    7.06245
2004  194    6.90967
2004  195    6.95238
2004  196    6.91632
2004  197    6.89794
2004  198    6.87470
2004  199    6.79791
2004  200    6.75171
2004  201    6.55248
2004  202    6.30384
2004  203    6.06287
2004  204    5.94404
2004  205    6.26229
2004  206    6.32353
2004  207    6.21951
2004  208    5.93420
2004  209    5.58311
2004  210    5.53830
2004  211    5.35894
2004  212    5.47920
2004  213    5.37497
2004  214    5.47853
2004  215    5.66878
2004  216    5.54511
2004  217    5.46775
2004  218    5.50172
2004  219    5.62581
2004  220    5.45620
2004  221    5.37063
2004  222    5.37948
2004  223    5.31036
2004  224    5.26324
2004  225    5.21183
2004  226    5.23207
2004  227    5.22692
2004  228    5.20880
2004  229    5.17947
2004  230    5.20632
2004  231    5.21286
2004  232    5.20203
2004  233    5.43789
2004  234    5.27116
2004  235    5.24091
2004  236    5.23164
2004  237    5.38487
2004  238    5.34403
2004  239    6.40275
2004  240    7.31585
2004  241    7.35532
2004  242    7.37699
2004  243    7.33635
2004  244    7.33900
2004  245    7.29764
2004  246    7.06579
2004  247    6.65539
2004  248    6.22190
2004  249    6.29703
2004  250    6.30100
2004  251    6.54130
2004  252    6.62334
2004  253    6.14133
2004  254    5.84223
2004  255    5.82175
2004  256    5.82755
2004  257    5.68516
2004  258    5.67466
2004  259    5.56686
2004  260    5.51847
2004  261    5.55124
2004  262    5.53837
2004  263    5.58830
2004  264    5.60536
2004  265    5.55890
2004  266    5.50080
2004  267    5.46531
2004  268    5.54786
2004  269    5.51289
2004  270    5.53675
2004  271    5.56036
2004  272    5.53061
2004  273    5.58025
2004  274    5.60026
2004  275    5.68550
2004  276    5.65228
2004  277    5.67850
2004  278    5.65251
2004  279    5.64626
2004  280    5.63850
2004  281    5.70243
2004  282    6.08057
2004  283    5.83784
2004  284    5.81947
2004  285    5.80031
2004  286    6.60077
2004  287    6.22099
2004  288    6.32370
2004  289    6.12864
2004  290    6.05436
2004  291    6.14656
2004  292    7.02794
2004  293    7.14244
2004  294    7.05384
2004  295    9.01689
2004  296    8.99372
2004  297    8.27542
2004  298    8.48057
2004  299    9.10394
2004  300    9.08036
2004  301    9.33260
2004  302    9.56824
2004  303    9.58054
2004  304    9.67448
2004  305    9.82200
2004  306    9.84531
2004  307    9.95621
2004  308   10.01594
2004  309   10.07612
2004  310   10.13139
2004  311   10.18700
2004  312   10.23865
2004  313   10.26409
2004  314   10.32804
2004  315   10.33373
2004  316   10.34824
2004  317   10.36506
2004  318   10.36253
2004  319   10.40752
2004  320   10.44053
2004  321   10.53737
2004  322   10.65725
2004  323   10.62931
2004  324    9.86432
2004  325   10.81646
2004  326   11.00942
2004  327   10.05301
2004  328    8.70100
2004  329   11.13970
2004  330   11.21203
2004  331   11.23597
2004  332   11.29563
2004  333   11.28409
2004  334   11.32465
2004  335   11.36528
2004  336   11.34840
2004  337   11.38908
2004  338   11.46972
2004  339   11.57061
2004  340   11.66458
2004  341   11.79027
2004  342   11.76251
2004  343   11.71966
2004  344   11.78925
2004  345   11.83912
2004  346   11.88921
2004  347   11.98406
2004  348   12.04469
2004  349   12.14526
2004  350   12.23323
2004  351   12.28128
2004  352   12.32310
2004  353   12.35283
2004  354   12.38365
2004  355   12.38266
2004  356   12.40970
2004  357   12.45239
2004  358   12.43073
2004  359   12.41383
2004  360   12.42972
2004  361   12.43460
2004  362   12.44732
2004  363   12.47930
2004  364   12.51766
2004  365   12.56993
2004  366   12.64124
