2005    1   12.73961
2005    2   12.81252
2005    3   12.87337
2005    4   12.95775
2005    5   12.65992
2005    6   12.50724
2005    7   12.53144
2005    8   12.58563
2005    9   12.68362
2005   10   12.83918
2005   11   12.85544
2005   12   12.72144
2005   13   12.38244
2005   14   12.37906
2005   15   12.43757
2005   16   12.47013
2005   17   12.59790
2005   18   12.84622
2005   19   12.98829
2005   20   13.11533
2005   21   13.18405
2005   22   13.21638
2005   23   13.23740
2005   24   13.22289
2005   25   13.17590
2005   26   13.05759
2005   27   13.13900
2005   28   13.15292
2005   29   13.14292
2005   30   13.12331
2005   31   13.09508
2005   32   13.00730
2005   33   12.93741
2005   34   12.91719
2005   35   12.85801
2005   36   12.75850
2005   37   12.78315
2005   38   12.88782
2005   39   13.03165
2005   40   12.93791
2005   41   12.95671
2005   42   12.97690
2005   43   12.95555
2005   44   12.92773
2005   45   12.76972
2005   46   12.73163
2005   47   12.72626
2005   48   12.70441
2005   49   12.72076
2005   50   12.75081
2005   51   12.72635
2005   52   12.70072
2005   53   12.67506
2005   54   12.62861
2005   55   12.57955
2005   56   12.53566
2005   57   12.49380
2005   58   12.44146
2005   59   12.32123
2005   60   12.25111
2005   61   12.26099
2005   62   12.21214
2005   63   12.14410
2005   64   12.09154
2005   65   12.01171
2005   66   11.97396
2005   67   11.95523
2005   68   11.88517
2005   69   11.55186
2005   70   10.52131
2005   71   11.29559
2005   72   11.69004
2005   73   11.57760
2005   74   11.35364
2005   75   11.19938
2005   76   11.17438
2005   77   11.14844
2005   78   11.08812
2005   79   11.08210
2005   80   11.05416
2005   81   11.05175
2005   82   11.09997
2005   83   11.14810
2005   84   11.24975
2005   85   11.23677
2005   86   11.18597
2005   87   11.09701
2005   88   11.00047
2005   89   10.88627
2005   90   10.81007
2005   91   10.78406
2005   92   10.70124
2005   93   10.61935
2005   94   10.55465
2005   95   10.47971
2005   96   10.44491
2005   97   10.38315
2005   98   10.28162
2005   99   10.17271
2005  100   10.07961
2005  101   10.02349
2005  102   10.03451
2005  103   10.03510
2005  104    9.92019
2005  105    9.84224
2005  106    9.75337
2005  107    9.68437
2005  108    9.39413
2005  109    8.59351
2005  110    8.63879
2005  111    9.52923
2005  112    9.61080
2005  113    9.62200
2005  114    9.58446
2005  115    9.34332
2005  116    9.51917
2005  117    9.42572
2005  118    9.21751
2005  119    9.09434
2005  120    9.03841
2005  121    8.92028
2005  122    8.83914
2005  123    8.76509
2005  124    8.68278
2005  125    8.60110
2005  126    8.39881
2005  127    8.09725
2005  128    8.18819
2005  129    8.19760
2005  130    8.20120
2005  131    8.24384
2005  132    8.45612
2005  133    8.14153
2005  134    7.82198
2005  135    7.82481
2005  136    7.81931
2005  137    7.55965
2005  138    7.17543
2005  139    7.19151
2005  140    7.55429
2005  141    7.90719
2005  142    7.81627
2005  143    7.75077
2005  144    7.68100
2005  145    7.54817
2005  146    7.30716
2005  147    7.17354
2005  148    7.16575
2005  149    7.17909
2005  150    7.17389
2005  151    7.12150
2005  152    7.08746
2005  153    7.00886
2005  154    6.90003
2005  155    6.60596
2005  156    6.60710
2005  157    6.65717
2005  158    6.64883
2005  159    6.57620
2005  160    6.34475
2005  161    6.29105
2005  162    6.47424
2005  163    7.07229
2005  164    6.75097
2005  165    7.57046
2005  166    7.44418
2005  167    7.19086
2005  168    7.11046
2005  169    6.96513
2005  170    6.83187
2005  171    6.55456
2005  172    6.33946
2005  173    6.35661
2005  174    6.31858
2005  175    6.28692
2005  176    6.26014
2005  177    6.16453
2005  178    5.90842
2005  179    5.80521
2005  180    5.72749
2005  181    5.82134
2005  182    5.79803
2005  183    5.72890
2005  184    5.69082
2005  185    5.68583
2005  186    5.70914
2005  187    5.63925
2005  188    5.61152
2005  189    5.60377
2005  190    5.58998
2005  191    5.57847
2005  192    5.56988
2005  193    5.69765
2005  194    5.54182
2005  195    5.52654
2005  196    5.65195
2005  197    5.51573
2005  198    5.43252
2005  199    5.63507
2005  200    5.58931
2005  201    5.63729
2005  202    5.45964
2005  203    5.38070
2005  204    5.48469
2005  205    5.56286
2005  206    5.42227
2005  207    5.42713
2005  208    5.34204
2005  209    5.43710
2005  210    5.49858
2005  211    5.39573
2005  212    5.32207
2005  213    5.27441
2005  214    5.25138
2005  215    5.23357
2005  216    5.22554
2005  217    5.21181
2005  218    5.19844
2005  219    5.19714
2005  220    5.21141
2005  221    5.20421
2005  222    5.19185
2005  223    5.18689
2005  224    5.37143
2005  225    5.22124
2005  226    5.19744
2005  227    5.18164
2005  228    5.18026
2005  229    5.17804
2005  230    5.17997
2005  231    5.47187
2005  232    5.21704
2005  233    5.19891
2005  234    5.22785
2005  235    5.19699
2005  236    5.20380
2005  237    5.20916
2005  238    5.21118
2005  239    5.20857
2005  240    5.20476
2005  241    5.22212
2005  242    5.23039
2005  243    5.23043
2005  244    5.25493
2005  245    5.25470
2005  246    5.25396
2005  247    5.26276
2005  248    5.27610
2005  249    5.28831
2005  250    5.30762
2005  251    5.29933
2005  252    5.28837
2005  253    5.30310
2005  254    5.31880
2005  255    5.33985
2005  256    5.35778
2005  257    5.49087
2005  258    5.56114
2005  259    5.43339
2005  260    5.43455
2005  261    5.45330
2005  262    5.94230
2005  263    5.58344
2005  264    5.50333
2005  265    5.51168
2005  266    6.14482
2005  267    5.64503
2005  268    6.14073
2005  269    5.83481
2005  270    5.64551
2005  271    5.77214
2005  272    5.72028
2005  273    5.69390
2005  274    5.62509
2005  275    5.64244
2005  276    5.67923
2005  277    5.69057
2005  278    5.69875
2005  279    5.71715
2005  280    6.06863
2005  281    5.82439
2005  282    5.79464
2005  283    5.81410
2005  284    5.83138
2005  285    5.84715
2005  286    5.87298
2005  287    5.89690
2005  288    5.92271
2005  289    5.94719
2005  290    5.97093
2005  291    5.99745
2005  292    6.03746
2005  293    6.85049
2005  294    6.68735
2005  295    6.19754
2005  296    6.19051
2005  297    6.18652
2005  298    6.19605
2005  299    6.22936
2005  300    6.26078
2005  301    6.32381
2005  302    6.36882
2005  303    6.38130
2005  304    6.77705
2005  305    6.79913
2005  306    6.71279
2005  307    6.75603
2005  308    6.82633
2005  309    6.87905
2005  310    7.11139
2005  311    7.00193
2005  312    7.05497
2005  313    7.11535
2005  314    7.16244
2005  315    7.14776
2005  316    7.17322
2005  317    7.21523
2005  318    7.34957
2005  319    7.72429
2005  320    7.37567
2005  321    7.35827
2005  322    7.49266
2005  323    7.54261
2005  324    7.54255
2005  325    7.55485
2005  326    7.57396
2005  327    7.93356
2005  328    8.59533
2005  329    8.51950
2005  330    8.38448
2005  331    8.87679
2005  332   10.60925
2005  333   10.49830
2005  334   10.85448
2005  335   11.58687
2005  336   11.09358
2005  337    8.77668
2005  338    8.52697
2005  339    8.39150
2005  340    8.31719
2005  341    8.28726
2005  342    8.29507
2005  343    8.30642
2005  344    8.32701
2005  345    8.45132
2005  346    8.55447
2005  347    8.63648
2005  348    8.79573
2005  349    8.87309
2005  350    8.81230
2005  351    8.75941
2005  352    8.72723
2005  353    8.80316
2005  354    9.41593
2005  355   10.67409
2005  356   11.25894
2005  357   11.19671
2005  358   11.06924
2005  359   11.15238
2005  360   11.18352
2005  361   11.24374
2005  362   11.39414
2005  363   11.51688
2005  364   11.56629
2005  365   11.66924
