2006    1   11.64587
2006    2   11.77587
2006    3   12.00819
2006    4   12.46955
2006    5   12.76423
2006    6   12.81418
2006    7   12.81735
2006    8   12.82047
2006    9   12.69993
2006   10   12.11252
2006   11   10.05818
2006   12    9.68176
2006   13   10.30664
2006   14    9.97285
2006   15   10.67414
2006   16   12.07153
2006   17   12.19141
2006   18   12.52468
2006   19   12.90790
2006   20   12.99862
2006   21   13.01110
2006   22   13.01473
2006   23   12.84609
2006   24   11.92298
2006   25   12.00150
2006   26   12.62359
2006   27   12.48458
2006   28   12.55379
2006   29   12.76754
2006   30   12.94745
2006   31   12.97534
2006   32   12.99604
2006   33   12.99268
2006   34   12.88302
2006   35   12.75580
2006   36   12.61514
2006   37   12.52546
2006   38   12.41978
2006   39   12.07275
2006   40   11.77009
2006   41   11.87616
2006   42   11.96019
2006   43   11.86941
2006   44   11.69141
2006   45   12.00424
2006   46   12.16579
2006   47   12.14149
2006   48   12.02127
2006   49   11.97422
2006   50   11.86237
2006   51   11.76767
2006   52   12.06341
2006   53   11.61231
2006   54   11.85970
2006   55   11.92496
2006   56   11.85639
2006   57   11.67869
2006   58   11.51455
2006   59   11.44148
2006   60   11.46687
2006   61   11.32426
2006   62   10.86172
2006   63   10.45979
2006   64   10.62514
2006   65   10.71962
2006   66   10.85163
2006   67   11.02681
2006   68   11.50694
2006   69   11.97424
2006   70   11.99886
2006   71   11.91143
2006   72   11.83169
2006   73   11.77792
2006   74   11.78855
2006   75   11.74004
2006   76   11.68910
2006   77   11.63935
2006   78   11.58882
2006   79   11.54309
2006   80   11.40062
2006   81   10.35043
2006   82   11.07796
2006   83   11.25374
2006   84   11.17748
2006   85   11.08202
2006   86   11.00126
2006   87   10.91590
2006   88   10.84339
2006   89   10.75916
2006   90   10.70935
2006   91   10.76141
2006   92   10.74580
2006   93   10.73587
2006   94   10.73113
2006   95   10.65740
2006   96   10.56467
2006   97   10.36233
2006   98   10.44736
2006   99   10.48374
2006  100   10.43399
2006  101   10.37823
2006  102   10.32293
2006  103   10.23982
2006  104   10.11812
2006  105   10.08914
2006  106   10.06874
2006  107   10.05521
2006  108   10.00415
2006  109    9.95217
2006  110    9.89786
2006  111    9.84297
2006  112    9.78860
2006  113    9.73294
2006  114    9.63035
2006  115    9.28464
2006  116    9.22287
2006  117    9.21962
2006  118    9.29837
2006  119    9.25485
2006  120    9.21400
2006  121    9.16435
2006  122    9.10703
2006  123    9.08163
2006  124    9.06578
2006  125    8.95205
2006  126    8.86267
2006  127    8.80458
2006  128    8.73109
2006  129    8.61216
2006  130    8.53209
2006  131    8.52057
2006  132    8.41523
2006  133    8.40551
2006  134    8.39474
2006  135    8.42659
2006  136    8.35407
2006  137    8.24535
2006  138    8.20181
2006  139    8.16547
2006  140    8.12857
2006  141    8.06616
2006  142    8.00519
2006  143    7.90584
2006  144    7.83421
2006  145    7.68853
2006  146    7.36978
2006  147    7.01077
2006  148    7.22170
2006  149    7.63730
2006  150    7.57753
2006  151    7.62415
2006  152    8.00753
2006  153    7.91724
2006  154    7.64568
2006  155    7.53560
2006  156    7.46411
2006  157    7.22533
2006  158    6.76534
2006  159    7.02085
2006  160    7.10873
2006  161    7.09517
2006  162    7.04416
2006  163    6.88467
2006  164    6.78278
2006  165    6.57139
2006  166    6.12998
2006  167    6.10398
2006  168    6.25794
2006  169    6.55397
2006  170    6.82979
2006  171    6.78756
2006  172    6.51131
2006  173    5.90461
2006  174    6.12172
2006  175    6.22727
2006  176    6.19666
2006  177    6.20435
2006  178    6.18893
2006  179    6.25693
2006  180    6.19194
2006  181    6.13759
2006  182    5.93899
2006  183    5.81371
2006  184    5.78487
2006  185    5.89014
2006  186    6.04290
2006  187    5.96142
2006  188    5.81300
2006  189    5.70888
2006  190    5.70157
2006  191    5.57371
2006  192    6.07362
2006  193    6.68468
2006  194    7.11501
2006  195    6.90862
2006  196    6.46234
2006  197    6.63378
2006  198    6.48148
2006  199    6.35003
2006  200    6.02382
2006  201    5.54722
2006  202    5.50037
2006  203    5.33169
2006  204    5.24471
2006  205    5.24586
2006  206    5.34314
2006  207    5.64999
2006  208    7.02442
2006  209    6.79238
2006  210    6.89048
2006  211    7.01517
2006  212    7.01849
2006  213    6.82598
2006  214    6.55276
2006  215    6.52464
2006  216    6.29776
2006  217    6.15200
2006  218    6.07812
2006  219    6.03376
2006  220    6.09171
2006  221    6.11005
2006  222    6.16536
2006  223    6.21785
2006  224    6.15248
2006  225    6.04852
2006  226    5.84563
2006  227    5.52042
2006  228    5.40979
2006  229    5.43784
2006  230    6.79253
2006  231    7.18956
2006  232    7.07671
2006  233    5.87000
2006  234    5.84469
2006  235    6.42408
2006  236    6.47615
2006  237    6.30895
2006  238    6.20390
2006  239    6.34509
2006  240    7.22285
2006  241    7.37110
2006  242    7.09497
2006  243    6.84474
2006  244    7.08106
2006  245    6.98139
2006  246    6.57824
2006  247    6.07507
2006  248    6.13818
2006  249    6.11463
2006  250    6.14317
2006  251    6.00037
2006  252    6.00518
2006  253    6.13461
2006  254    6.26717
2006  255    6.13107
2006  256    6.12166
2006  257    6.18384
2006  258    6.20186
2006  259    6.27611
2006  260    6.27943
2006  261    6.35598
2006  262    6.23967
2006  263    6.25746
2006  264    6.36567
2006  265    6.38221
2006  266    6.27463
2006  267    6.25782
2006  268    6.22328
2006  269    6.30107
2006  270    6.09967
2006  271    6.03229
2006  272    5.89049
2006  273    5.82360
2006  274    5.70014
2006  275    5.65704
2006  276    5.70812
2006  277    5.70537
2006  278    5.76652
2006  279    5.89342
2006  280    5.94663
2006  281    5.92118
2006  282    5.94380
2006  283    5.84668
2006  284    6.05548
2006  285    5.83709
2006  286    5.90486
2006  287    5.97792
2006  288    6.01034
2006  289    7.23875
2006  290    8.68949
2006  291    9.09252
2006  292    9.01308
2006  293    9.14043
2006  294    9.23935
2006  295    9.20206
2006  296    8.81022
2006  297    9.19834
2006  298    9.30636
2006  299    9.19862
2006  300    9.13077
2006  301    9.01422
2006  302    9.09650
2006  303    8.94610
2006  304    7.53878
2006  305    7.05818
2006  306    7.03757
2006  307    9.40156
2006  308    9.83912
2006  309    9.47029
2006  310    8.74766
2006  311    8.22418
2006  312    8.39177
2006  313    8.60061
2006  314    8.91543
2006  315    9.12269
2006  316    9.37461
2006  317    9.60258
2006  318    9.89963
2006  319   10.48591
2006  320   10.59336
2006  321   10.64471
2006  322   10.73649
2006  323   10.80030
2006  324   10.81872
2006  325   10.81749
2006  326   10.79493
2006  327   10.69638
2006  328   10.63361
2006  329   10.56717
2006  330   10.57135
2006  331   10.03951
2006  332    9.62778
2006  333   10.14678
2006  334   11.38001
2006  335   11.67102
2006  336   11.70878
2006  337   11.76233
2006  338   11.82100
2006  339   11.87636
2006  340   11.93629
2006  341   11.98098
2006  342   12.04717
2006  343   12.09809
2006  344   12.06339
2006  345   12.09212
2006  346   12.20924
2006  347   12.25626
2006  348   12.29470
2006  349   12.33223
2006  350   12.37107
2006  351   12.41018
2006  352   12.44938
2006  353   12.48965
2006  354   12.52584
2006  355   12.56705
2006  356   12.57064
2006  357   12.55852
2006  358   12.57786
2006  359   12.60208
2006  360   12.61807
2006  361   12.67252
2006  362   12.78362
2006  363   12.86544
2006  364   12.91024
2006  365   12.95193
