2007    1   12.98662
2007    2   12.99565
2007    3   13.00850
2007    4   13.01797
2007    5   13.01115
2007    6   13.02112
2007    7   13.03889
2007    8   13.06348
2007    9   13.07765
2007   10   13.09397
2007   11   13.11665
2007   12   13.13182
2007   13   13.13081
2007   14   13.12104
2007   15   13.00699
2007   16   12.93348
2007   17   12.96918
2007   18   13.02657
2007   19   13.07330
2007   20   13.13473
2007   21   13.21562
2007   22   13.25827
2007   23   13.22036
2007   24   13.24154
2007   25   13.19602
2007   26   13.10161
2007   27   13.01538
2007   28   13.06855
2007   29   13.05000
2007   30   13.12636
2007   31   12.99112
2007   32   12.93618
2007   33   12.93481
2007   34   12.87692
2007   35   12.78743
2007   36   12.69842
2007   37   12.66502
2007   38   12.61500
2007   39   12.38686
2007   40   12.28068
2007   41   12.26186
2007   42   12.17437
2007   43   12.10615
2007   44   12.09556
2007   45   12.04973
2007   46   11.97551
2007   47   11.92890
2007   48   11.85402
2007   49   11.87663
2007   50   11.94632
2007   51   11.98191
2007   52   12.00672
2007   53   12.09309
2007   54   12.31759
2007   55   12.46077
2007   56   12.47463
2007   57   12.26364
2007   58   12.31533
2007   59   12.30028
2007   60   12.23762
2007   61   12.07402
2007   62   12.01954
2007   63   12.10366
2007   64   12.15978
2007   65   12.16872
2007   66   12.15396
2007   67   12.07310
2007   68   11.88575
2007   69   11.88652
2007   70   11.90737
2007   71   11.87837
2007   72   11.84466
2007   73   11.78644
2007   74   11.71808
2007   75   11.55436
2007   76   11.49367
2007   77   11.41429
2007   78   11.34391
2007   79   11.29595
2007   80   11.10014
2007   81   11.11200
2007   82   11.17296
2007   83   11.16766
2007   84   11.20869
2007   85   11.21268
2007   86   11.16012
2007   87   11.08428
2007   88   11.02933
2007   89   11.00437
2007   90   10.95213
2007   91   10.90066
2007   92   10.84915
2007   93   10.79539
2007   94   10.74084
2007   95   10.68536
2007   96   10.61767
2007   97   10.52675
2007   98   10.44076
2007   99   10.28354
2007  100   10.11757
2007  101   10.19278
2007  102   10.15821
2007  103   10.14129
2007  104   10.10356
2007  105   10.04389
2007  106    9.98482
2007  107    9.91587
2007  108    9.84968
2007  109    9.68135
2007  110    9.57771
2007  111    9.51455
2007  112    9.41204
2007  113    9.31931
2007  114    9.30164
2007  115    9.27363
2007  116    9.27112
2007  117    9.39163
2007  118    9.42913
2007  119    9.40661
2007  120    9.36799
2007  121    9.32351
2007  122    9.27518
2007  123    9.19762
2007  124    8.90984
2007  125    8.73314
2007  126    8.73864
2007  127    8.49668
2007  128    8.15971
2007  129    7.79691
2007  130    8.16024
2007  131    8.33769
2007  132    8.31046
2007  133    8.14953
2007  134    7.97133
2007  135    7.96300
2007  136    8.00590
2007  137    7.97017
2007  138    7.84001
2007  139    7.72453
2007  140    7.68350
2007  141    7.61641
2007  142    7.55251
2007  143    7.38771
2007  144    7.18528
2007  145    7.29902
2007  146    7.32516
2007  147    7.36015
2007  148    7.42605
2007  149    7.54196
2007  150    7.54481
2007  151    7.44047
2007  152    7.24912
2007  153    7.10488
2007  154    7.05130
2007  155    7.00528
2007  156    6.97160
2007  157    6.90322
2007  158    6.74249
2007  159    6.71476
2007  160    6.69402
2007  161    6.61933
2007  162    6.38533
2007  163    5.92556
2007  164    5.82319
2007  165    5.82260
2007  166    5.84106
2007  167    5.70122
2007  168    5.72805
2007  169    5.92259
2007  170    5.99221
2007  171    5.95761
2007  172    5.93958
2007  173    6.16039
2007  174    6.70804
2007  175    7.13248
2007  176    7.13034
2007  177    6.99807
2007  178    6.86113
2007  179    6.93884
2007  180    7.05068
2007  181    7.05588
2007  182    7.02021
2007  183    6.88674
2007  184    6.72668
2007  185    6.62214
2007  186    6.59786
2007  187    6.61871
2007  188    6.53203
2007  189    6.34918
2007  190    6.07184
2007  191    5.68055
2007  192    5.46763
2007  193    5.42873
2007  194    5.36785
2007  195    5.31995
2007  196    5.23079
2007  197    5.30415
2007  198    5.58058
2007  199    5.38209
2007  200    5.42889
2007  201    5.64055
2007  202    5.76174
2007  203    5.72067
2007  204    5.93768
2007  205    6.07220
2007  206    6.00513
2007  207    5.69876
2007  208    5.42898
2007  209    5.30632
2007  210    5.24352
2007  211    5.24161
2007  212    5.17308
2007  213    5.15889
2007  214    5.11353
2007  215    5.06808
2007  216    5.11018
2007  217    5.02651
2007  218    4.99770
2007  219    5.04348
2007  220    4.97439
2007  221    4.94788
2007  222    5.21215
2007  223    5.06497
2007  224    5.04575
2007  225    5.02088
2007  226    5.00097
2007  227    5.12356
2007  228    5.06300
2007  229    5.04959
2007  230    5.04453
2007  231    5.04890
2007  232    5.15735
2007  233    5.02300
2007  234    5.01498
2007  235    5.08453
2007  236    5.12302
2007  237    5.05538
2007  238    5.01527
2007  239    5.02977
2007  240    5.00848
2007  241    5.16346
2007  242    5.19802
2007  243    5.19078
2007  244    5.16951
2007  245    5.15702
2007  246    5.12537
2007  247    5.22008
2007  248    5.18408
2007  249    5.31048
2007  250    5.39525
2007  251    5.40916
2007  252    5.25439
2007  253    5.22223
2007  254    5.22065
2007  255    5.19253
2007  256    5.19834
2007  257    5.31051
2007  258    5.26073
2007  259    5.26781
2007  260    5.28327
2007  261    5.29672
2007  262    5.26701
2007  263    5.35791
2007  264    5.32313
2007  265    5.30024
2007  266    5.38543
2007  267    5.37876
2007  268    5.45193
2007  269    5.38385
2007  270    5.38702
2007  271    5.41389
2007  272    5.48139
2007  273    5.47430
2007  274    5.48842
2007  275    5.87465
2007  276    5.69873
2007  277    5.52342
2007  278    5.58418
2007  279    5.63597
2007  280    5.56765
2007  281    5.65970
2007  282    5.63664
2007  283    5.66464
2007  284    5.67943
2007  285    5.88536
2007  286    5.80952
2007  287    5.79595
2007  288    6.54528
2007  289    6.32396
2007  290    6.39692
2007  291    6.16949
2007  292    5.94922
2007  293    5.97045
2007  294    6.00053
2007  295    6.31526
2007  296    6.27436
2007  297    6.14885
2007  298    6.17513
2007  299    6.52118
2007  300    6.51684
2007  301    6.28194
2007  302    6.24342
2007  303    6.29637
2007  304    6.33403
2007  305    6.35954
2007  306    6.39209
2007  307    6.44000
2007  308    6.49312
2007  309    6.55628
2007  310    6.55352
2007  311    6.58939
2007  312    6.56422
2007  313    6.67419
2007  314    6.66895
2007  315    6.68843
2007  316    7.21877
2007  317    6.86813
2007  318    6.81596
2007  319    6.85252
2007  320    6.99870
2007  321    7.05656
2007  322    7.12395
2007  323    7.07547
2007  324    7.24952
2007  325    8.73432
2007  326    7.54286
2007  327    8.27458
2007  328    8.67022
2007  329    8.36945
2007  330    8.31368
2007  331    8.03675
2007  332    7.95489
2007  333    7.96860
2007  334    7.93140
2007  335    7.98741
2007  336    8.43588
2007  337    8.16539
2007  338    8.17823
2007  339    8.41440
2007  340    8.47868
2007  341    8.50722
2007  342    8.42972
2007  343    9.13034
2007  344    8.53040
2007  345    9.09237
2007  346    9.51031
2007  347   10.42641
2007  348   10.72918
2007  349   11.91938
2007  350   12.35941
2007  351   12.40772
2007  352   12.45524
2007  353   12.46925
2007  354   12.46617
2007  355   12.34638
2007  356   12.09818
2007  357   12.51836
2007  358   12.68572
2007  359   12.74133
2007  360   12.77403
2007  361   12.80914
2007  362   12.82554
2007  363   12.79288
2007  364   12.75719
2007  365   12.73688
