2008    1   12.72235
2008    2   12.49542
2008    3   12.24161
2008    4   12.15927
2008    5   12.36051
2008    6   12.47187
2008    7   12.62275
2008    8   13.05632
2008    9   13.12907
2008   10   13.02517
2008   11   12.79229
2008   12   12.76758
2008   13   12.88238
2008   14   13.06409
2008   15   13.13645
2008   16   13.20463
2008   17   13.21130
2008   18   13.17065
2008   19   13.11820
2008   20   13.05396
2008   21   12.99590
2008   22   12.80259
2008   23   12.75520
2008   24   12.87073
2008   25   12.77080
2008   26   12.96957
2008   27   12.76896
2008   28   12.44969
2008   29   12.26778
2008   30   12.19840
2008   31   12.18048
2008   32   12.11872
2008   33   12.05147
2008   34   12.09793
2008   35   12.90694
2008   36   12.82658
2008   37   12.37180
2008   38   12.34584
2008   39   12.37628
2008   40   12.45575
2008   41   12.57121
2008   42   12.88069
2008   43   12.93917
2008   44   12.82496
2008   45   12.93659
2008   46   12.89955
2008   47   12.72856
2008   48   12.85399
2008   49   12.77320
2008   50   12.73892
2008   51   12.70783
2008   52   12.70460
2008   53   12.65658
2008   54   12.59793
2008   55   12.51813
2008   56   12.35784
2008   57   12.15535
2008   58   12.16064
2008   59   12.11737
2008   60   11.86935
2008   61   12.06313
2008   62   12.22918
2008   63   12.26737
2008   64   12.23277
2008   65   12.19598
2008   66   12.15645
2008   67   12.11699
2008   68   12.06796
2008   69   11.92660
2008   70   11.66984
2008   71   11.73503
2008   72   11.76584
2008   73   11.73640
2008   74   11.75875
2008   75   11.70970
2008   76   11.63477
2008   77   11.58209
2008   78   11.51977
2008   79   11.46904
2008   80   11.33800
2008   81   11.28837
2008   82   11.28358
2008   83   11.31178
2008   84   11.26557
2008   85   11.17406
2008   86   11.08692
2008   87   11.01754
2008   88   11.01147
2008   89   10.97012
2008   90   10.90951
2008   91   10.83843
2008   92   10.83415
2008   93   10.78739
2008   94   10.72818
2008   95   10.67008
2008   96   10.59903
2008   97   10.49541
2008   98   10.18310
2008   99   10.03218
2008  100    9.90440
2008  101   10.24051
2008  102   10.31342
2008  103   10.26764
2008  104   10.21743
2008  105   10.10884
2008  106   10.10033
2008  107   10.00982
2008  108    9.65326
2008  109    9.62057
2008  110    9.71087
2008  111    9.68700
2008  112    9.62022
2008  113    9.54240
2008  114    9.39155
2008  115    9.25904
2008  116    9.19704
2008  117    9.22975
2008  118    9.24429
2008  119    9.19709
2008  120    9.15373
2008  121    9.07407
2008  122    8.89026
2008  123    8.66123
2008  124    8.73509
2008  125    8.79256
2008  126    8.93058
2008  127    8.85510
2008  128    8.68264
2008  129    8.75210
2008  130    8.51480
2008  131    8.42413
2008  132    8.82750
2008  133    8.79354
2008  134    8.74089
2008  135    8.69958
2008  136    8.65709
2008  137    8.59666
2008  138    8.56053
2008  139    8.52335
2008  140    8.49420
2008  141    8.43402
2008  142    8.39371
2008  143    8.33299
2008  144    8.09066
2008  145    7.96805
2008  146    8.19821
2008  147    8.13198
2008  148    8.08357
2008  149    7.94602
2008  150    7.84604
2008  151    7.87198
2008  152    8.00495
2008  153    8.02280
2008  154    7.97764
2008  155    7.41651
2008  156    7.05721
2008  157    6.99962
2008  158    7.06839
2008  159    6.99934
2008  160    7.01386
2008  161    7.16796
2008  162    7.25734
2008  163    7.37144
2008  164    7.49505
2008  165    7.54198
2008  166    7.59257
2008  167    7.59558
2008  168    7.45834
2008  169    7.41542
2008  170    7.47501
2008  171    7.29175
2008  172    7.20695
2008  173    7.15985
2008  174    7.15740
2008  175    7.13727
2008  176    6.95693
2008  177    6.85957
2008  178    6.89806
2008  179    6.71505
2008  180    6.57435
2008  181    6.69639
2008  182    6.94520
2008  183    6.98552
2008  184    6.79637
2008  185    6.96840
2008  186    6.89859
2008  187    6.80356
2008  188    6.54518
2008  189    6.46855
2008  190    7.17469
2008  191    7.16769
2008  192    7.14324
2008  193    7.08820
2008  194    6.92463
2008  195    6.97403
2008  196    7.05249
2008  197    6.96348
2008  198    7.08892
2008  199    7.09325
2008  200    7.03719
2008  201    6.92828
2008  202    6.82185
2008  203    6.77034
2008  204    7.05023
2008  205    6.96864
2008  206    7.01051
2008  207    6.71318
2008  208    6.65554
2008  209    6.76246
2008  210    6.64830
2008  211    6.78431
2008  212    6.54858
2008  213    6.50155
2008  214    6.49313
2008  215    6.50599
2008  216    6.48973
2008  217    6.29727
2008  218    6.22976
2008  219    6.36589
2008  220    6.46210
2008  221    5.94643
2008  222    5.54317
2008  223    5.48866
2008  224    5.65746
2008  225    5.84115
2008  226    5.85318
2008  227    5.75747
2008  228    5.52833
2008  229    5.37223
2008  230    5.32977
2008  231    5.31194
2008  232    5.28089
2008  233    5.26512
2008  234    5.28565
2008  235    5.53170
2008  236    5.30711
2008  237    5.28900
2008  238    5.27571
2008  239    5.25682
2008  240    5.26466
2008  241    5.32730
2008  242    5.21340
2008  243    5.23567
2008  244    5.25990
2008  245    5.30079
2008  246    5.29640
2008  247    5.73822
2008  248    6.98974
2008  249    7.61300
2008  250    7.14989
2008  251    6.41557
2008  252    7.09569
2008  253    6.54183
2008  254    6.35890
2008  255    6.17986
2008  256    6.78219
2008  257    7.52530
2008  258    7.54287
2008  259    7.51959
2008  260    7.71662
2008  261    7.79243
2008  262    7.88479
2008  263    8.01835
2008  264    8.13729
2008  265    8.22911
2008  266    8.29225
2008  267    8.22035
2008  268    8.06205
2008  269    8.14602
2008  270    8.09547
2008  271    7.87937
2008  272    7.91712
2008  273    7.93454
2008  274    7.85249
2008  275    7.72346
2008  276    7.52263
2008  277    7.44290
2008  278    7.56989
2008  279    7.54745
2008  280    7.49264
2008  281    7.86705
2008  282    8.52157
2008  283    8.60329
2008  284    8.54485
2008  285    8.49456
2008  286    8.46089
2008  287    8.27310
2008  288    7.89905
2008  289    8.39274
2008  290    8.62812
2008  291    8.30934
2008  292    8.14651
2008  293    8.18023
2008  294    8.25578
2008  295    8.36174
2008  296    8.70343
2008  297    8.82478
2008  298    9.39455
2008  299    9.72257
2008  300    9.77816
2008  301    9.85924
2008  302    9.87558
2008  303    9.72963
2008  304    9.68334
2008  305    9.73038
2008  306    9.75927
2008  307    9.73364
2008  308    9.57555
2008  309    9.65520
2008  310    9.72236
2008  311    9.78500
2008  312    9.89576
2008  313   10.16142
2008  314   10.13703
2008  315    9.94586
2008  316    8.47976
2008  317    8.69207
2008  318   10.12342
2008  319   10.18798
2008  320   10.23482
2008  321   10.17276
2008  322    9.88990
2008  323    9.50982
2008  324    9.50788
2008  325    9.67708
2008  326    9.91498
2008  327   10.33995
2008  328   10.27440
2008  329    9.71860
2008  330    8.42590
2008  331    8.79396
2008  332   10.38318
2008  333   10.37394
2008  334   10.34796
2008  335   10.41058
2008  336   10.34931
2008  337    9.91742
2008  338    9.90951
2008  339   10.38301
2008  340   11.19503
2008  341   11.26142
2008  342   10.83520
2008  343   10.69890
2008  344   11.11415
2008  345   11.52123
2008  346   11.92831
2008  347   12.09135
2008  348   12.19148
2008  349   12.21446
2008  350   12.17971
2008  351   12.24413
2008  352   12.29735
2008  353   12.32071
2008  354   12.46283
2008  355   12.51388
2008  356   12.61263
2008  357   12.69485
2008  358   12.73115
2008  359   12.79311
2008  360   12.83682
2008  361   12.87284
2008  362   12.90627
2008  363   12.78739
2008  364   12.84527
2008  365   12.90050
2008  366   12.94195
