2009    1   13.00090
2009    2   13.06136
2009    3   13.10842
2009    4   13.12688
2009    5   13.10247
2009    6   13.06512
2009    7   13.07862
2009    8   13.06897
2009    9   13.03294
2009   10   12.92880
2009   11   12.92702
2009   12   12.99282
2009   13   13.06056
2009   14   13.05500
2009   15   12.95361
2009   16   12.61030
2009   17   12.35856
2009   18   12.31827
2009   19   12.27342
2009   20   12.27338
2009   21   12.54256
2009   22   12.93118
2009   23   13.03423
2009   24   13.09408
2009   25   12.94621
2009   26   12.66842
2009   27   12.48443
2009   28   12.28325
2009   29   12.11111
2009   30   11.97309
2009   31   11.91819
2009   32   11.89675
2009   33   11.91975
2009   34   11.95333
2009   35   11.87191
2009   36   11.79411
2009   37   11.86537
2009   38   11.94832
2009   39   12.06926
2009   40   12.63551
2009   41   12.91191
2009   42   12.95457
2009   43   13.00697
2009   44   12.98280
2009   45   12.97091
2009   46   12.95433
2009   47   12.91153
2009   48   12.85111
2009   49   12.78428
2009   50   12.69144
2009   51   12.63171
2009   52   12.56712
2009   53   12.49596
2009   54   12.38715
2009   55   12.21510
2009   56   12.21123
2009   57   12.24430
2009   58   12.24871
2009   59   12.24233
2009   60   12.22604
2009   61   12.20113
2009   62   12.18356
2009   63   12.14409
2009   64   12.01555
2009   65   11.81670
2009   66   11.82428
2009   67   11.77244
2009   68   11.75038
2009   69   11.91058
2009   70   11.98129
2009   71   11.94032
2009   72   11.91673
2009   73   11.77562
2009   74   11.75103
2009   75   11.74857
2009   76   11.68501
2009   77   11.56493
2009   78   11.50766
2009   79   11.42667
2009   80   11.30583
2009   81   11.24103
2009   82   11.16796
2009   83   11.04537
2009   84   10.96966
2009   85   10.91602
2009   86   10.85307
2009   87   10.83217
2009   88   10.77989
2009   89   10.70391
2009   90   10.59036
2009   91   10.54906
2009   92   10.67940
2009   93   10.76260
2009   94   10.75600
2009   95   10.70136
2009   96   10.65926
2009   97   10.61713
2009   98   10.56472
2009   99   10.49664
2009  100   10.44891
2009  101   10.39120
2009  102   10.32482
2009  103   10.26674
2009  104   10.21914
2009  105   10.18044
2009  106   10.13227
2009  107   10.07359
2009  108   10.01400
2009  109    9.95612
2009  110    9.88674
2009  111    9.84809
2009  112    9.80948
2009  113    9.75567
2009  114    9.69443
2009  115    9.63446
2009  116    9.57266
2009  117    9.45315
2009  118    9.51243
2009  119    9.47660
2009  120    9.35415
2009  121    9.17745
2009  122    9.18519
2009  123    9.18666
2009  124    9.19000
2009  125    9.17114
2009  126    9.12277
2009  127    9.11692
2009  128    9.04355
2009  129    8.99088
2009  130    8.93523
2009  131    8.86458
2009  132    8.78358
2009  133    8.83422
2009  134    8.31400
2009  135    8.58002
2009  136    8.17713
2009  137    8.06307
2009  138    8.11131
2009  139    8.19584
2009  140    8.21055
2009  141    8.38898
2009  142    8.42072
2009  143    8.43110
2009  144    8.36296
2009  145    8.32067
2009  146    8.21619
2009  147    8.09080
2009  148    8.00597
2009  149    8.02909
2009  150    7.98740
2009  151    7.93749
2009  152    7.79829
2009  153    7.73300
2009  154    7.86144
2009  155    7.82579
2009  156    7.79266
2009  157    7.75525
2009  158    7.71299
2009  159    7.63165
2009  160    7.49169
2009  161    7.44929
2009  162    7.53989
2009  163    7.54404
2009  164    7.44164
2009  165    7.37755
2009  166    7.31214
2009  167    7.27019
2009  168    7.26260
2009  169    7.56706
2009  170    7.60103
2009  171    7.40422
2009  172    7.50634
2009  173    7.51757
2009  174    7.49912
2009  175    7.42899
2009  176    7.32860
2009  177    7.23171
2009  178    7.19361
2009  179    7.12741
2009  180    6.99310
2009  181    6.79452
2009  182    6.74445
2009  183    6.77316
2009  184    6.76877
2009  185    6.92212
2009  186    7.12553
2009  187    7.12015
2009  188    6.91375
2009  189    6.75890
2009  190    6.90172
2009  191    6.92832
2009  192    6.90284
2009  193    6.86183
2009  194    6.80377
2009  195    6.61392
2009  196    6.59882
2009  197    6.66107
2009  198    6.68891
2009  199    6.63134
2009  200    6.56486
2009  201    6.45779
2009  202    6.27906
2009  203    6.14182
2009  204    6.03897
2009  205    6.07127
2009  206    6.11850
2009  207    6.09110
2009  208    6.11544
2009  209    6.09627
2009  210    6.12528
2009  211    6.09998
2009  212    5.94382
2009  213    6.02611
2009  214    6.04832
2009  215    6.14308
2009  216    6.21299
2009  217    6.10245
2009  218    5.81133
2009  219    5.82874
2009  220    5.79549
2009  221    5.78398
2009  222    5.66473
2009  223    5.42678
2009  224    5.40377
2009  225    5.34735
2009  226    5.21640
2009  227    5.14915
2009  228    5.17081
2009  229    5.21197
2009  230    5.12561
2009  231    5.62617
2009  232    5.50565
2009  233    5.58830
2009  234    5.80732
2009  235    5.82702
2009  236    5.68564
2009  237    5.51143
2009  238    5.40799
2009  239    5.41445
2009  240    5.86825
2009  241    6.59142
2009  242    7.40197
2009  243    7.53444
2009  244    7.26877
2009  245    7.41448
2009  246    6.84791
2009  247    5.82256
2009  248    5.97839
2009  249    6.61909
2009  250    7.09165
2009  251    6.94512
2009  252    6.70482
2009  253    6.29075
2009  254    5.64714
2009  255    5.53984
2009  256    5.49583
2009  257    5.48928
2009  258    5.42780
2009  259    5.40786
2009  260    5.43299
2009  261    5.46481
2009  262    5.46590
2009  263    5.66216
2009  264    5.50052
2009  265    5.71856
2009  266    5.56213
2009  267    5.54406
2009  268    5.74808
2009  269    5.65398
2009  270    5.59817
2009  271    5.62693
2009  272    5.61195
2009  273    5.60235
2009  274    5.89264
2009  275    5.77888
2009  276    5.72970
2009  277    5.78260
2009  278    5.79127
2009  279    6.25788
2009  280    5.85959
2009  281    7.18468
2009  282    8.28039
2009  283    8.67604
2009  284    8.77045
2009  285    8.90886
2009  286    9.13104
2009  287    9.16993
2009  288    8.91689
2009  289    8.42829
2009  290    9.14492
2009  291    9.34079
2009  292    9.26274
2009  293    8.44777
2009  294    7.51505
2009  295    9.03681
2009  296    9.93514
2009  297    9.99792
2009  298   10.06105
2009  299   10.09747
2009  300   10.13275
2009  301   10.17860
2009  302   10.22166
2009  303   10.21408
2009  304   10.18654
2009  305   10.29995
2009  306   10.34850
2009  307   10.40890
2009  308   10.48613
2009  309   10.58665
2009  310   10.68861
2009  311   10.77421
2009  312   10.79724
2009  313   10.65255
2009  314   10.80157
2009  315   10.69556
2009  316   10.76981
2009  317   10.85782
2009  318   10.90632
2009  319   10.96485
2009  320   11.24918
2009  321   11.16491
2009  322   11.20682
2009  323   11.32910
2009  324   11.39096
2009  325   11.45546
2009  326   11.52576
2009  327   11.60650
2009  328   11.66567
2009  329   11.71884
2009  330   11.77362
2009  331   11.82004
2009  332   11.85928
2009  333   11.89861
2009  334   11.91147
2009  335   11.87923
2009  336   11.98219
2009  337   12.06783
2009  338   12.10019
2009  339   12.08511
2009  340   12.09021
2009  341   12.03832
2009  342   12.12303
2009  343   12.34739
2009  344   12.44621
2009  345   12.41461
2009  346   11.46811
2009  347   12.40345
2009  348   12.58712
2009  349   12.43244
2009  350   12.59072
2009  351   12.65485
2009  352   12.67440
2009  353   12.63709
2009  354   11.07538
2009  355   10.24598
2009  356   10.67140
2009  357   12.72525
2009  358   12.94512
2009  359   12.93329
2009  360   12.97891
2009  361   13.02302
2009  362   13.08177
2009  363   13.13316
2009  364   13.17000
2009  365   13.18989
