2010    1   13.19612
2010    2   13.16945
2010    3   13.14795
2010    4   13.10875
2010    5   12.96964
2010    6   12.94937
2010    7   12.92214
2010    8   12.90557
2010    9   12.81809
2010   10   12.74118
2010   11   12.64679
2010   12   12.55987
2010   13   12.43892
2010   14   12.26326
2010   15   12.72815
2010   16   13.01604
2010   17   13.02317
2010   18   13.02997
2010   19   13.07460
2010   20   13.11389
2010   21   13.15644
2010   22   13.22875
2010   23   13.26344
2010   24   13.38369
2010   25   13.41793
2010   26   13.42974
2010   27   13.40863
2010   28   13.38524
2010   29   13.35733
2010   30   13.32144
2010   31   13.26917
2010   32   13.19524
2010   33   13.12757
2010   34   13.06679
2010   35   13.04216
2010   36   12.95028
2010   37   12.80280
2010   38   12.78988
2010   39   12.80299
2010   40   12.80456
2010   41   12.77018
2010   42   12.71796
2010   43   12.68174
2010   44   12.63734
2010   45   12.59016
2010   46   12.53652
2010   47   12.48218
2010   48   12.42068
2010   49   12.36235
2010   50   12.30679
2010   51   12.28664
2010   52   12.40251
2010   53   12.63298
2010   54   12.72198
2010   55   12.70115
2010   56   12.66306
2010   57   12.61892
2010   58   12.57558
2010   59   12.50437
2010   60   12.35657
2010   61   12.30517
2010   62   12.22719
2010   63   12.12802
2010   64   12.12391
2010   65   12.08921
2010   66   12.06569
2010   67   12.08698
2010   68   12.07577
2010   69   12.08214
2010   70   12.05988
2010   71   12.02908
2010   72   11.94853
2010   73   11.94534
2010   74   11.89291
2010   75   11.84066
2010   76   11.78872
2010   77   11.70803
2010   78   11.54629
2010   79   11.45757
2010   80   11.41320
2010   81   11.34336
2010   82   11.22911
2010   83   11.12936
2010   84   11.11328
2010   85   11.07083
2010   86   11.03869
2010   87   11.09613
2010   88   11.14190
2010   89   11.09424
2010   90   11.03375
2010   91   10.96966
2010   92   10.89488
2010   93   10.81945
2010   94   10.72825
2010   95   10.62083
2010   96   10.46824
2010   97   10.37712
2010   98   10.36503
2010   99   10.32132
2010  100   10.25049
2010  101   10.18464
2010  102    9.96034
2010  103    9.69505
2010  104    9.79908
2010  105    9.78123
2010  106    9.72568
2010  107    9.66431
2010  108    9.57833
2010  109    9.48767
2010  110    9.40380
2010  111    9.32809
2010  112    9.22439
2010  113    9.19410
2010  114    9.18280
2010  115    9.23001
2010  116    9.36871
2010  117    9.42369
2010  118    9.36430
2010  119    9.23315
2010  120    9.15592
2010  121    9.10938
2010  122    9.08461
2010  123    8.95192
2010  124    8.66396
2010  125    8.05215
2010  126    8.40333
2010  127    8.77492
2010  128    8.73315
2010  129    8.65257
2010  130    8.72156
2010  131    8.74892
2010  132    8.86178
2010  133    8.85510
2010  134    8.78943
2010  135    8.59707
2010  136    8.57714
2010  137    8.58852
2010  138    8.63640
2010  139    8.63396
2010  140    8.60075
2010  141    8.55889
2010  142    8.51431
2010  143    8.46216
2010  144    8.41294
2010  145    8.19145
2010  146    8.11333
2010  147    8.15957
2010  148    8.08545
2010  149    7.95050
2010  150    7.96383
2010  151    7.93272
2010  152    7.88220
2010  153    7.87660
2010  154    7.84832
2010  155    7.77826
2010  156    7.74216
2010  157    7.71825
2010  158    7.66611
2010  159    7.71366
2010  160    7.81966
2010  161    7.85008
2010  162    7.83483
2010  163    7.81979
2010  164    7.75264
2010  165    7.62805
2010  166    7.62349
2010  167    7.50214
2010  168    7.42240
2010  169    7.37462
2010  170    7.37528
2010  171    7.30783
2010  172    7.20766
2010  173    7.07747
2010  174    7.05634
2010  175    7.25759
2010  176    7.45211
2010  177    7.47688
2010  178    7.47267
2010  179    7.47058
2010  180    7.40172
2010  181    7.31624
2010  182    7.23996
2010  183    7.11623
2010  184    6.96908
2010  185    6.89851
2010  186    6.83780
2010  187    6.75865
2010  188    6.75295
2010  189    6.64408
2010  190    6.49714
2010  191    6.45109
2010  192    6.45757
2010  193    6.47124
2010  194    6.43575
2010  195    6.34707
2010  196    6.25619
2010  197    6.23934
2010  198    6.17383
2010  199    6.11457
2010  200    6.35228
2010  201    7.08422
2010  202    6.79506
2010  203    6.16948
2010  204    6.23431
2010  205    6.62861
2010  206    7.18183
2010  207    7.07730
2010  208    6.86667
2010  209    6.70529
2010  210    6.41484
2010  211    5.64187
2010  212    5.45625
2010  213    5.38709
2010  214    5.46253
2010  215    5.67491
2010  216    5.61014
2010  217    5.61830
2010  218    5.60812
2010  219    5.56504
2010  220    5.54260
2010  221    5.33015
2010  222    5.37885
2010  223    5.43748
2010  224    5.34138
2010  225    5.50664
2010  226    5.82673
2010  227    5.98073
2010  228    5.32686
2010  229    5.18760
2010  230    5.18415
2010  231    5.13886
2010  232    5.37915
2010  233    5.41958
2010  234    5.36166
2010  235    5.32121
2010  236    5.13782
2010  237    5.10987
2010  238    5.10730
2010  239    5.15243
2010  240    5.10793
2010  241    5.09798
2010  242    5.14533
2010  243    5.14731
2010  244    5.38846
2010  245    6.42847
2010  246    7.09943
2010  247    7.31719
2010  248    7.28266
2010  249    6.88639
2010  250    5.42170
2010  251    5.23134
2010  252    5.22382
2010  253    5.31001
2010  254    5.38513
2010  255    5.22968
2010  256    5.25411
2010  257    5.26888
2010  258    5.27263
2010  259    5.25670
2010  260    5.25468
2010  261    5.28546
2010  262    5.41206
2010  263    5.34794
2010  264    5.46550
2010  265    5.94513
2010  266    5.54232
2010  267    5.49092
2010  268    5.56720
2010  269    5.54896
2010  270    5.50266
2010  271    5.54397
2010  272    5.50744
2010  273    5.50083
2010  274    5.51188
2010  275    5.63444
2010  276    5.57874
2010  277    5.60556
2010  278    5.65685
2010  279    5.66494
2010  280    5.68675
2010  281    5.67638
2010  282    5.71864
2010  283    5.69242
2010  284    5.71238
2010  285    5.65685
2010  286    5.73394
2010  287    5.79022
2010  288    5.82833
2010  289    5.90999
2010  290    5.95874
2010  291    6.01600
2010  292    6.05544
2010  293    6.09698
2010  294    6.07329
2010  295    6.09500
2010  296    6.13382
2010  297    6.19385
2010  298    6.37509
2010  299    6.59860
2010  300    6.42165
2010  301    6.38437
2010  302    6.37110
2010  303    6.37217
2010  304    6.46977
2010  305    6.57456
2010  306    6.61159
2010  307    6.61991
2010  308    6.72609
2010  309    6.72005
2010  310    6.73976
2010  311    6.78523
2010  312    6.75534
2010  313    6.87146
2010  314    6.92399
2010  315    6.91256
2010  316    6.98528
2010  317    7.03563
2010  318    7.04874
2010  319    7.14686
2010  320    7.15820
2010  321    7.17038
2010  322    7.27994
2010  323    7.29069
2010  324    7.32206
2010  325    7.42072
2010  326    8.09102
2010  327    7.74804
2010  328    8.41416
2010  329    9.16975
2010  330   10.65431
2010  331   11.70302
2010  332   11.75988
2010  333   11.70048
2010  334   11.88954
2010  335   12.17293
2010  336   12.20266
2010  337   12.27522
2010  338   11.45061
2010  339    9.76668
2010  340    8.61605
2010  341    8.58000
2010  342    8.62496
2010  343    8.52989
2010  344    8.62954
2010  345    9.70689
2010  346   11.91373
2010  347   12.44148
2010  348   12.58103
2010  349   12.67262
2010  350   12.53297
2010  351    9.47391
2010  352    8.79092
2010  353    8.70093
2010  354    8.96676
2010  355    9.09598
2010  356    8.72225
2010  357   11.10697
2010  358   12.66432
2010  359   12.78305
2010  360   12.01294
2010  361    9.24621
2010  362    8.86726
2010  363    9.00224
2010  364   10.05154
2010  365   13.06136
