2011    1   13.27113
2011    2   13.31814
2011    3   12.29667
2011    4   12.50277
2011    5   13.20079
2011    6   12.78703
2011    7   11.55892
2011    8   10.90058
2011    9   11.13694
2011   10   13.29378
2011   11   13.37945
2011   12   13.20810
2011   13   11.30582
2011   14    9.86378
2011   15    9.54201
2011   16    9.52093
2011   17    9.67802
2011   18   12.06885
2011   19   12.91050
2011   20   12.33167
2011   21   11.91472
2011   22   11.62085
2011   23   11.40793
2011   24   11.03389
2011   25   10.11637
2011   26    9.68128
2011   27    9.57924
2011   28   10.25403
2011   29   10.83058
2011   30   11.05261
2011   31   11.33716
2011   32   11.38769
2011   33   11.23975
2011   34   11.30613
2011   35   11.35415
2011   36   11.28798
2011   37   11.10346
2011   38   10.78666
2011   39   10.29137
2011   40    9.67724
2011   41    9.30724
2011   42    9.30089
2011   43    9.34595
2011   44    9.63291
2011   45   10.66938
2011   46   11.48512
2011   47   12.82830
2011   48   13.02137
2011   49   13.06811
2011   50   13.02255
2011   51   12.97710
2011   52   12.96404
2011   53   12.95295
2011   54   12.88021
2011   55   12.77554
2011   56   12.76727
2011   57   12.66848
2011   58   12.59722
2011   59   12.62367
2011   60   12.60891
2011   61   12.55793
2011   62   12.45860
2011   63   12.42378
2011   64   12.45143
2011   65   12.42306
2011   66   12.37209
2011   67   12.33083
2011   68   12.30190
2011   69   12.27638
2011   70   12.21500
2011   71   12.13945
2011   72   12.04714
2011   73   11.93068
2011   74   11.73996
2011   75   11.66793
2011   76   11.64476
2011   77   11.63971
2011   78   11.55728
2011   79   11.44104
2011   80   11.17416
2011   81   11.09756
2011   82   11.13800
2011   83   11.13360
2011   84   10.98797
2011   85   10.88052
2011   86   10.75561
2011   87   10.63482
2011   88   10.37090
2011   89   10.23495
2011   90   10.45184
2011   91   10.31083
2011   92   10.18321
2011   93   10.06065
2011   94   10.15242
2011   95   10.08335
2011   96    9.91684
2011   97    9.96027
2011   98    9.79437
2011   99    9.77618
2011  100    9.70202
2011  101   10.04941
2011  102   10.00029
2011  103    9.81665
2011  104    9.79409
2011  105    9.82218
2011  106    9.70220
2011  107    9.69104
2011  108    9.63493
2011  109    9.67850
2011  110   10.08052
2011  111   10.03997
2011  112    9.97292
2011  113    9.78369
2011  114    9.70183
2011  115    9.65689
2011  116    9.47041
2011  117    9.41834
2011  118    9.39397
2011  119    9.39421
2011  120    9.41599
2011  121    9.46045
2011  122    9.48512
2011  123    9.45346
2011  124    9.40550
2011  125    9.28275
2011  126    9.14653
2011  127    9.05798
2011  128    9.00874
2011  129    8.90788
2011  130    8.64461
2011  131    8.27030
2011  132    8.05447
2011  133    8.13422
2011  134    8.67039
2011  135    8.54396
2011  136    8.75377
2011  137    8.64855
2011  138    8.59210
2011  139    8.59468
2011  140    8.51249
2011  141    8.35246
2011  142    8.21350
2011  143    7.97753
2011  144    8.05923
2011  145    8.36082
2011  146    8.20731
2011  147    8.32165
2011  148    8.18878
2011  149    8.03978
2011  150    7.95600
2011  151    7.96593
2011  152    8.16246
2011  153    8.16331
2011  154    8.18280
2011  155    8.12455
2011  156    8.05233
2011  157    8.01623
2011  158    7.94709
2011  159    7.73663
2011  160    7.91931
2011  161    7.75422
2011  162    7.89416
2011  163    7.76871
2011  164    7.51999
2011  165    7.55811
2011  166    7.79495
2011  167    7.81126
2011  168    7.65652
2011  169    7.76844
2011  170    7.71910
2011  171    7.52381
2011  172    7.46284
2011  173    7.42246
2011  174    7.38503
2011  175    7.26894
2011  176    7.18550
2011  177    7.16726
2011  178    7.51480
2011  179    7.54072
2011  180    7.36910
2011  181    7.16392
2011  182    7.13648
2011  183    7.03463
2011  184    6.95421
2011  185    6.89901
2011  186    6.61960
2011  187    6.34846
2011  188    6.47419
2011  189    6.63108
2011  190    6.62833
2011  191    6.50822
2011  192    5.97944
2011  193    5.59139
2011  194    5.58233
2011  195    6.35053
2011  196    5.83968
2011  197    5.54505
2011  198    5.28926
2011  199    5.36162
2011  200    5.07737
2011  201    5.16790
2011  202    5.17910
2011  203    5.11122
2011  204    5.04376
2011  205    5.18639
2011  206    5.13991
2011  207    5.07775
2011  208    5.09484
2011  209    5.04190
2011  210    5.01505
2011  211    4.97172
2011  212    4.94290
2011  213    4.93682
2011  214    4.97573
2011  215    4.95505
2011  216    4.90211
2011  217    4.90410
2011  218    4.91840
2011  219    4.82056
2011  220    4.87472
2011  221    4.83899
2011  222    4.83057
2011  223    4.79594
2011  224    4.89680
2011  225    4.82551
2011  226    4.86134
2011  227    4.84258
2011  228    4.81809
2011  229    4.79165
2011  230    4.82201
2011  231    4.76602
2011  232    4.71950
2011  233    4.77968
2011  234    4.75787
2011  235    4.82928
2011  236    4.75989
2011  237    4.77473
2011  238    4.80337
2011  239    4.81154
2011  240    4.83750
2011  241    4.84035
2011  242    4.86641
2011  243    4.84990
2011  244    4.81313
2011  245    4.87469
2011  246    5.08087
2011  247    5.01447
2011  248    4.89588
2011  249    4.92684
2011  250    4.90187
2011  251    4.96612
2011  252    5.39104
2011  253    4.97964
2011  254    4.94849
2011  255    5.00328
2011  256    4.96004
2011  257    5.17380
2011  258    5.05423
2011  259    5.00734
2011  260    5.00891
2011  261    5.22274
2011  262    5.15528
2011  263    5.05860
2011  264    5.12432
2011  265    5.12629
2011  266    5.13735
2011  267    5.16337
2011  268    5.24741
2011  269    5.69147
2011  270    5.74930
2011  271    5.35396
2011  272    5.24661
2011  273    5.30890
2011  274    5.28860
2011  275    5.35716
2011  276    5.35795
2011  277    5.39535
2011  278    5.40768
2011  279    5.42974
2011  280    5.46286
2011  281    5.50821
2011  282    5.47204
2011  283    5.49134
2011  284    5.43697
2011  285    5.75742
2011  286    5.72875
2011  287    5.57498
2011  288    5.63619
2011  289    5.73057
2011  290    6.13449
2011  291    5.99085
2011  292    6.06559
2011  293    5.87947
2011  294    5.88135
2011  295    5.89919
2011  296    5.94164
2011  297    5.99703
2011  298    5.98984
2011  299    6.05900
2011  300    6.05875
2011  301    6.12607
2011  302    6.12444
2011  303    6.20498
2011  304    6.25192
2011  305    6.29277
2011  306    6.31327
2011  307    7.25038
2011  308    6.65556
2011  309    6.55000
2011  310    6.58394
2011  311    6.87540
2011  312    7.00510
2011  313    6.92957
2011  314    6.79107
2011  315    6.76160
2011  316    6.77524
2011  317    6.78727
2011  318    6.81494
2011  319    6.91517
2011  320    6.90598
2011  321    7.00470
2011  322    7.01304
2011  323    7.00672
2011  324    7.05252
2011  325    7.09824
2011  326    8.11870
2011  327    7.40225
2011  328    7.30228
2011  329    7.33554
2011  330    7.72651
2011  331    7.80259
2011  332    7.95251
2011  333    8.38825
2011  334    7.78100
2011  335    7.73672
2011  336    7.74721
2011  337    7.86115
2011  338    7.92352
2011  339    7.83410
2011  340    7.75722
2011  341    7.81348
2011  342    7.84284
2011  343    7.97301
2011  344    7.98481
2011  345    7.96674
2011  346    7.97157
2011  347    8.08170
2011  348    8.62932
2011  349    8.58455
2011  350    8.12724
2011  351    8.67923
2011  352    8.72691
2011  353    9.18784
2011  354    9.49188
2011  355    8.92351
2011  356    8.88423
2011  357    8.91663
2011  358    8.92419
2011  359    8.68536
2011  360    8.97845
2011  361    9.16261
2011  362    8.99076
2011  363    9.01410
2011  364    9.08942
2011  365    9.17046
