2012    1    9.01760
2012    2    8.98668
2012    3    8.97306
2012    4    8.88059
2012    5    8.96583
2012    6    8.94610
2012    7    8.87822
2012    8    8.93933
2012    9    9.01212
2012   10    8.89446
2012   11    9.01229
2012   12    9.05277
2012   13    8.91931
2012   14    8.99405
2012   15    9.02757
2012   16    9.32984
2012   17    9.77256
2012   18   10.28958
2012   19   10.21752
2012   20    9.59094
2012   21    9.62849
2012   22   10.10125
2012   23   10.35654
2012   24   10.66062
2012   25   11.15350
2012   26   11.47437
2012   27   11.15963
2012   28   11.33110
2012   29   11.24963
2012   30   12.90945
2012   31   13.26295
2012   32   13.18636
2012   33   13.03235
2012   34   12.88913
2012   35   12.90868
2012   36   12.65431
2012   37   12.16049
2012   38   11.88278
2012   39   12.07541
2012   40   12.13611
2012   41   12.12438
2012   42   12.03906
2012   43   11.78039
2012   44   11.70647
2012   45   11.70870
2012   46   11.82280
2012   47   11.93659
2012   48   11.82998
2012   49   11.74460
2012   50   11.69172
2012   51   11.65320
2012   52   10.74220
2012   53    9.31123
2012   54   10.18042
2012   55   10.95046
2012   56   10.95868
2012   57   10.98187
2012   58   10.88806
2012   59   11.69141
2012   60   11.77488
2012   61    9.27280
2012   62   10.36835
2012   63   10.37178
2012   64   10.41445
2012   65   10.44010
2012   66   10.16338
2012   67    9.90054
2012   68   10.09219
2012   69   10.14343
2012   70   10.00245
2012   71    9.94566
2012   72    9.64718
2012   73    9.82441
2012   74    9.61103
2012   75    9.01008
2012   76    8.43384
2012   77    8.53640
2012   78    8.42978
2012   79    8.38804
2012   80    8.27682
2012   81    8.24986
2012   82    8.24131
2012   83    8.34405
2012   84    8.13926
2012   85    8.19034
2012   86    8.12907
2012   87    8.06661
2012   88    8.04552
2012   89    8.03015
2012   90    7.77716
2012   91    7.90501
2012   92    7.84522
2012   93    7.93061
2012   94    7.86636
2012   95    7.74138
2012   96    7.72173
2012   97    7.69752
2012   98    7.49074
2012   99    7.52432
2012  100    7.42536
2012  101    7.36722
2012  102    7.30602
2012  103    7.45345
2012  104    7.34675
2012  105    7.53845
2012  106    7.45725
2012  107    7.64466
2012  108    7.28106
2012  109    7.22828
2012  110    7.16946
2012  111    7.09496
2012  112    7.12616
2012  113    7.02388
2012  114    7.03799
2012  115    6.87109
2012  116    6.85341
2012  117    6.83094
2012  118    6.81285
2012  119    6.81982
2012  120    6.74007
2012  121    7.27148
2012  122    7.43435
2012  123    8.03823
2012  124    7.67580
2012  125    7.90225
2012  126    8.37805
2012  127    8.40873
2012  128    8.82234
2012  129    8.88360
2012  130    8.77540
2012  131    8.71225
2012  132    8.62005
2012  133    8.49173
2012  134    8.31604
2012  135    7.37097
2012  136    6.93676
2012  137    7.30667
2012  138    7.38557
2012  139    7.36268
2012  140    7.31135
2012  141    7.27919
2012  142    7.31625
2012  143    7.27921
2012  144    7.10711
2012  145    6.58270
2012  146    6.23238
2012  147    6.17297
2012  148    6.12998
2012  149    6.05882
2012  150    6.27187
2012  151    6.37802
2012  152    6.67783
2012  153    6.39340
2012  154    6.19009
2012  155    6.13855
2012  156    6.25432
2012  157    6.24464
2012  158    6.14183
2012  159    5.83960
2012  160    5.71599
2012  161    5.66369
2012  162    5.73496
2012  163    5.87009
2012  164    5.59372
2012  165    5.51910
2012  166    5.38405
2012  167    5.50981
2012  168    5.59641
2012  169    5.52950
2012  170    5.41549
2012  171    5.33996
2012  172    5.28660
2012  173    5.26542
2012  174    5.25035
2012  175    5.19572
2012  176    5.13429
2012  177    5.13215
2012  178    5.09708
2012  179    5.12497
2012  180    5.12902
2012  181    5.12443
2012  182    5.08001
2012  183    5.03077
2012  184    5.06047
2012  185    4.97164
2012  186    4.93871
2012  187    4.92547
2012  188    4.95096
2012  189    4.98164
2012  190    5.00455
2012  191    4.86955
2012  192    4.93272
2012  193    4.82888
2012  194    4.85262
2012  195    4.89455
2012  196    5.07357
2012  197    4.92307
2012  198    4.83287
2012  199    4.78713
2012  200    4.80385
2012  201    4.73297
2012  202    4.72153
2012  203    4.73771
2012  204    4.71830
2012  205    4.71420
2012  206    4.67746
2012  207    4.63462
2012  208    4.70124
2012  209    4.63755
2012  210    4.66762
2012  211    4.65168
2012  212    4.65280
2012  213    4.64928
2012  214    4.59093
2012  215    4.53253
2012  216    4.58966
2012  217    4.74940
2012  218    5.11643
2012  219    4.66142
2012  220    4.52339
2012  221    4.46955
2012  222    4.46049
2012  223    4.52497
2012  224    4.54564
2012  225    4.56591
2012  226    4.70008
2012  227    4.54744
2012  228    4.49412
2012  229    5.27628
2012  230    4.71363
2012  231    4.56708
2012  232    4.59597
2012  233    4.59263
2012  234    4.47880
2012  235    4.45299
2012  236    4.51256
2012  237    4.52097
2012  238    4.54844
2012  239    4.75166
2012  240    4.65194
2012  241    4.58493
2012  242    4.59958
2012  243    4.62039
2012  244    5.08002
2012  245    5.86032
2012  246    5.14158
2012  247    5.27648
2012  248    5.29102
2012  249    5.21578
2012  250    4.94944
2012  251    5.50514
2012  252    5.06278
2012  253    4.87877
2012  254    4.87217
2012  255    4.84572
2012  256    4.84094
2012  257    4.78217
2012  258    4.88394
2012  259    4.87699
2012  260    4.87640
2012  261    5.00365
2012  262    4.97493
2012  263    4.87578
2012  264    4.86183
2012  265    5.41263
2012  266    5.07906
2012  267    4.91041
2012  268    4.97430
2012  269    5.48704
2012  270    5.14015
2012  271    5.05086
2012  272    5.06189
2012  273    5.07624
2012  274    5.09157
2012  275    5.14946
2012  276    5.18704
2012  277    5.24813
2012  278    5.22707
2012  279    5.63799
2012  280    5.37513
2012  281    5.31034
2012  282    5.30176
2012  283    5.28560
2012  284    5.38411
2012  285    5.38588
2012  286    5.44896
2012  287    5.93275
2012  288    6.09759
2012  289    6.21260
2012  290    6.52519
2012  291    6.67063
2012  292    6.46168
2012  293    6.22405
2012  294    6.30603
2012  295    6.44093
2012  296    7.07377
2012  297    7.10331
2012  298    7.04611
2012  299    7.12780
2012  300    6.99033
2012  301    6.84973
2012  302    6.89237
2012  303    6.79416
2012  304    6.70155
2012  305    6.68068
2012  306    6.65902
2012  307    6.63233
2012  308    6.74044
2012  309    6.66367
2012  310    6.59846
2012  311    6.71079
2012  312    6.72596
2012  313    6.68830
2012  314    6.71364
2012  315    6.76342
2012  316    7.39896
2012  317    7.53766
2012  318    6.95925
2012  319    6.94478
2012  320    7.06057
2012  321    7.12991
2012  322    7.15862
2012  323    7.18102
2012  324    7.20772
2012  325    7.18100
2012  326    7.25188
2012  327    7.25904
2012  328    7.25202
2012  329    7.27413
2012  330    7.35828
2012  331    7.38309
2012  332    7.35568
2012  333    7.40258
2012  334    7.44167
2012  335    7.49012
2012  336    7.54264
2012  337    7.60967
2012  338    7.64981
2012  339    8.00775
2012  340    7.79410
2012  341    7.75991
2012  342    7.96028
2012  343    7.97529
2012  344    8.30773
2012  345    8.06594
2012  346    8.02377
2012  347    8.02810
2012  348    8.02094
2012  349    8.02797
2012  350    8.55290
2012  351    8.34775
2012  352    8.34097
2012  353    8.27588
2012  354    8.63732
2012  355    9.39263
2012  356    9.06754
2012  357   10.20187
2012  358   10.18830
2012  359   10.75917
2012  360   12.39359
2012  361   12.50462
2012  362   12.18943
2012  363   11.59605
2012  364   11.53207
2012  365   11.52675
2012  366   11.22779
