2013    1   10.75060
2013    2   10.88209
2013    3   11.91254
2013    4   11.50834
2013    5    9.10884
2013    6    8.94512
2013    7    8.95640
2013    8    8.97746
2013    9    8.97923
2013   10    9.34623
2013   11    9.19840
2013   12   10.38845
2013   13   12.38775
2013   14   13.02090
2013   15   13.25745
2013   16   13.35543
2013   17   13.30570
2013   18   13.04513
2013   19   11.96194
2013   20   11.34386
2013   21   11.22329
2013   22   11.17845
2013   23   10.97901
2013   24   10.94943
2013   25   10.94604
2013   26   10.89852
2013   27   10.93770
2013   28   11.02897
2013   29   11.73141
2013   30   12.77962
2013   31   13.47025
2013   32   13.48890
2013   33   13.38304
2013   34   13.36231
2013   35   13.23604
2013   36   12.58887
2013   37   12.59080
2013   38   12.55532
2013   39   12.44510
2013   40   12.38169
2013   41   12.57111
2013   42   12.64423
2013   43   13.11745
2013   44   13.17519
2013   45   13.06771
2013   46   13.01879
2013   47   12.84962
2013   48   12.65293
2013   49   12.35105
2013   50   12.24521
2013   51   12.26548
2013   52   11.91672
2013   53   11.88556
2013   54   11.80803
2013   55   11.78008
2013   56   11.75119
2013   57   12.54423
2013   58   12.68177
2013   59   12.67766
2013   60   12.66520
2013   61   12.65907
2013   62   12.59435
2013   63   12.52749
2013   64   12.35263
2013   65   12.17174
2013   66   12.18721
2013   67   11.96006
2013   68   11.85951
2013   69   12.04821
2013   70   12.07220
2013   71   12.07561
2013   72   12.03066
2013   73   11.97985
2013   74   11.90222
2013   75   11.80115
2013   76   11.67261
2013   77   11.43448
2013   78   10.77897
2013   79   11.02456
2013   80   11.05269
2013   81   10.91360
2013   82   10.80773
2013   83   10.78189
2013   84   10.71737
2013   85   10.60631
2013   86   10.25408
2013   87   10.32133
2013   88   10.96235
2013   89   11.05454
2013   90   11.14594
2013   91   11.03827
2013   92   10.93151
2013   93   10.74595
2013   94   10.62362
2013   95   10.43520
2013   96   10.25119
2013   97   10.20982
2013   98   10.13602
2013   99   10.02989
2013  100   10.07434
2013  101   10.49348
2013  102   10.71836
2013  103   10.67367
2013  104   10.62504
2013  105   10.56821
2013  106   10.53536
2013  107   10.42569
2013  108   10.22702
2013  109    9.65153
2013  110    9.67494
2013  111    9.77728
2013  112    9.81496
2013  113    9.95391
2013  114   10.06879
2013  115   10.03422
2013  116    9.93120
2013  117    9.81512
2013  118    9.75132
2013  119    9.67177
2013  120    9.60098
2013  121    9.51102
2013  122    9.34241
2013  123    9.46681
2013  124    9.45376
2013  125    9.46183
2013  126    9.42838
2013  127    9.30510
2013  128    9.08556
2013  129    9.15987
2013  130    9.25375
2013  131    9.18096
2013  132    9.03857
2013  133    8.78787
2013  134    8.26211
2013  135    8.52762
2013  136    8.61261
2013  137    8.29118
2013  138    8.15145
2013  139    8.14997
2013  140    8.22694
2013  141    8.37256
2013  142    8.30229
2013  143    8.29160
2013  144    8.19335
2013  145    7.91883
2013  146    8.03341
2013  147    8.32063
2013  148    8.55143
2013  149    8.50391
2013  150    8.36253
2013  151    8.31835
2013  152    8.40430
2013  153    8.36802
2013  154    8.33002
2013  155    8.29235
2013  156    8.25532
2013  157    8.21887
2013  158    8.14005
2013  159    7.93632
2013  160    7.63294
2013  161    7.55128
2013  162    7.45037
2013  163    7.29378
2013  164    7.36222
2013  165    7.28865
2013  166    7.19566
2013  167    7.32566
2013  168    7.32987
2013  169    7.27286
2013  170    7.26508
2013  171    7.23973
2013  172    6.63610
2013  173    6.36986
2013  174    7.17871
2013  175    7.46796
2013  176    7.54076
2013  177    7.68851
2013  178    7.65792
2013  179    7.51075
2013  180    7.50366
2013  181    7.58580
2013  182    7.57949
2013  183    7.49805
2013  184    7.32335
2013  185    7.14310
2013  186    6.94641
2013  187    6.71118
2013  188    6.69970
2013  189    6.67314
2013  190    6.64111
2013  191    7.21580
2013  192    7.30351
2013  193    7.08299
2013  194    7.22382
2013  195    7.04964
2013  196    6.79291
2013  197    6.53769
2013  198    6.19237
2013  199    5.91467
2013  200    6.03910
2013  201    6.09687
2013  202    6.20732
2013  203    6.86611
2013  204    6.55612
2013  205    5.85329
2013  206    5.61917
2013  207    5.57232
2013  208    5.54814
2013  209    5.33203
2013  210    5.17828
2013  211    5.51601
2013  212    5.71418
2013  213    5.70544
2013  214    5.55097
2013  215    5.43603
2013  216    5.10790
2013  217    4.85297
2013  218    4.81669
2013  219    4.81521
2013  220    4.81029
2013  221    4.75912
2013  222    4.75223
2013  223    4.71407
2013  224    4.72317
2013  225    4.79507
2013  226    4.69419
2013  227    4.72511
2013  228    4.72060
2013  229    4.65344
2013  230    4.63469
2013  231    4.66336
2013  232    4.68752
2013  233    4.68653
2013  234    4.67684
2013  235    4.68070
2013  236    4.64385
2013  237    4.67283
2013  238    4.64759
2013  239    4.67112
2013  240    4.68707
2013  241    4.62021
2013  242    4.63079
2013  243    4.68038
2013  244    4.69127
2013  245    4.71023
2013  246    4.71756
2013  247    4.52965
2013  248    4.64624
2013  249    4.73239
2013  250    4.70024
2013  251    4.77199
2013  252    4.72367
2013  253    4.79559
2013  254    4.77390
2013  255    4.82149
2013  256    4.83656
2013  257    4.80028
2013  258    4.81153
2013  259    4.83662
2013  260    4.75428
2013  261    4.84571
2013  262    4.85075
2013  263    5.06248
2013  264    4.93158
2013  265    4.90934
2013  266    5.00453
2013  267    4.88716
2013  268    4.92078
2013  269    4.95910
2013  270    5.01858
2013  271    5.04411
2013  272    5.04835
2013  273    5.09532
2013  274    5.11492
2013  275    5.12960
2013  276    5.69314
2013  277    5.33436
2013  278    5.27968
2013  279    5.24964
2013  280    5.26385
2013  281    5.30175
2013  282    5.31048
2013  283    5.35981
2013  284    5.36755
2013  285    5.47025
2013  286    5.41697
2013  287    5.43593
2013  288    5.49321
2013  289    5.41812
2013  290    5.46573
2013  291    5.57809
2013  292    5.62557
2013  293    5.59151
2013  294    5.81561
2013  295    5.74785
2013  296    5.74586
2013  297    5.75198
2013  298    5.80796
2013  299    5.87370
2013  300    5.90690
2013  301    5.93599
2013  302    6.01183
2013  303    6.65330
2013  304    7.53787
2013  305    6.32993
2013  306    6.26190
2013  307    6.32248
2013  308    6.23431
2013  309    6.41853
2013  310    6.62566
2013  311    6.42756
2013  312    6.44866
2013  313    6.50235
2013  314    6.49463
2013  315    6.56552
2013  316    6.55752
2013  317    6.62424
2013  318    6.64930
2013  319    6.67744
2013  320    6.75889
2013  321    6.90412
2013  322    6.80934
2013  323    6.88976
2013  324    6.97658
2013  325    7.21246
2013  326    7.07812
2013  327    7.07657
2013  328    7.09556
2013  329    7.14880
2013  330    7.19013
2013  331    7.19841
2013  332    7.24676
2013  333    7.31332
2013  334    7.35663
2013  335    7.41035
2013  336    7.49453
2013  337    7.48250
2013  338    7.57377
2013  339    7.56115
2013  340    7.58892
2013  341    7.62827
2013  342    7.69938
2013  343    7.76749
2013  344    7.84931
2013  345    7.83347
2013  346    7.87216
2013  347    7.92666
2013  348    8.01118
2013  349    8.03242
2013  350    7.99184
2013  351    8.03205
2013  352    8.08845
2013  353    8.37444
2013  354    8.43308
2013  355    9.39928
2013  356    8.67957
2013  357    8.41731
2013  358    8.40430
2013  359    8.41762
2013  360    8.47816
2013  361    8.48971
2013  362    8.51997
2013  363    8.53328
2013  364    8.55161
2013  365    8.59309
