2014    1    8.61572
2014    2    8.60843
2014    3    8.62779
2014    4    8.66688
2014    5    8.65895
2014    6    8.67462
2014    7    8.70223
2014    8    8.70934
2014    9    8.78204
2014   10    9.92912
2014   11    9.59047
2014   12    9.34158
2014   13    9.47052
2014   14    9.44096
2014   15    9.67309
2014   16    9.90269
2014   17    9.64702
2014   18    9.47558
2014   19    9.36509
2014   20    9.33253
2014   21    9.21661
2014   22    9.15780
2014   23    9.15142
2014   24    9.16358
2014   25    9.16618
2014   26    9.17542
2014   27    9.10265
2014   28    9.08642
2014   29    9.08227
2014   30    9.03715
2014   31    9.13265
2014   32   11.54996
2014   33   10.51540
2014   34   10.06970
2014   35    9.89317
2014   36    9.59884
2014   37    9.47101
2014   38    9.38283
2014   39    9.26656
2014   40    9.20280
2014   41    9.15804
2014   42    9.11955
2014   43    9.09239
2014   44    9.12043
2014   45    9.03499
2014   46    9.08350
2014   47    9.10731
2014   48    9.72835
2014   49   10.06721
2014   50   10.91747
2014   51   13.04443
2014   52   13.09129
2014   53   13.11139
2014   54   13.08918
2014   55   13.08886
2014   56   13.08135
2014   57   13.04568
2014   58   13.01317
2014   59   12.96248
2014   60   12.74412
2014   61   12.28210
2014   62   12.01692
2014   63   11.58139
2014   64   11.50528
2014   65   11.14515
2014   66   10.75506
2014   67   11.24660
2014   68   11.45762
2014   69   11.67798
2014   70   12.06143
2014   71   12.29412
2014   72   12.41599
2014   73   12.13226
2014   74   12.13256
2014   75   12.05872
2014   76   11.82664
2014   77   11.69491
2014   78   11.17405
2014   79    9.84426
2014   80   10.42257
2014   81   10.58031
2014   82   11.11458
2014   83   11.08286
2014   84    9.11035
2014   85    9.14659
2014   86    9.58692
2014   87    9.79890
2014   88   10.10248
2014   89   10.04220
2014   90   10.00054
2014   91    9.88259
2014   92   10.24277
2014   93   10.81202
2014   94   10.88274
2014   95   10.97497
2014   96   10.90186
2014   97   10.81195
2014   98   10.68579
2014   99   10.50194
2014  100   10.36219
2014  101   10.21995
2014  102   10.01860
2014  103    9.76067
2014  104   10.02301
2014  105    9.97149
2014  106    8.70278
2014  107    8.20779
2014  108    8.07056
2014  109    7.98862
2014  110    7.85866
2014  111    7.80174
2014  112    7.71916
2014  113    8.15516
2014  114    8.61395
2014  115    8.78219
2014  116    8.73046
2014  117    8.67082
2014  118    9.05559
2014  119    8.79196
2014  120    8.71513
2014  121    8.79585
2014  122    9.03416
2014  123    8.96182
2014  124    8.78781
2014  125    8.44747
2014  126    7.93245
2014  127    7.38280
2014  128    7.34694
2014  129    7.88303
2014  130    8.04334
2014  131    8.10249
2014  132    8.03336
2014  133    8.92253
2014  134    8.81444
2014  135    8.98916
2014  136    8.96835
2014  137    8.90952
2014  138    8.84812
2014  139    8.74084
2014  140    8.59469
2014  141    8.56465
2014  142    8.46539
2014  143    8.36749
2014  144    8.34719
2014  145    8.10607
2014  146    7.74367
2014  147    7.49664
2014  148    7.61930
2014  149    7.67347
2014  150    7.80676
2014  151    8.01735
2014  152    7.79770
2014  153    7.28832
2014  154    7.19473
2014  155    8.36617
2014  156    8.28183
2014  157    8.00024
2014  158    7.98687
2014  159    8.09031
2014  160    8.06835
2014  161    8.04901
2014  162    8.06613
2014  163    8.06652
2014  164    8.00759
2014  165    7.88437
2014  166    7.61977
2014  167    7.08079
2014  168    7.01432
2014  169    7.15916
2014  170    6.99078
2014  171    7.04123
2014  172    6.99612
2014  173    6.87944
2014  174    6.81669
2014  175    7.80944
2014  176    7.78180
2014  177    7.60187
2014  178    7.52168
2014  179    7.27399
2014  180    7.06848
2014  181    6.95327
2014  182    7.41968
2014  183    7.57776
2014  184    7.59202
2014  185    7.57256
2014  186    7.57313
2014  187    7.56863
2014  188    7.51160
2014  189    7.36758
2014  190    6.96980
2014  191    6.66920
2014  192    6.60351
2014  193    6.92763
2014  194    7.51096
2014  195    7.50211
2014  196    7.33052
2014  197    7.22558
2014  198    7.29832
2014  199    7.37649
2014  200    7.45559
2014  201    7.44960
2014  202    7.31185
2014  203    6.63075
2014  204    6.43809
2014  205    6.41243
2014  206    6.33980
2014  207    6.29309
2014  208    6.30565
2014  209    6.33229
2014  210    6.34024
2014  211    6.18721
2014  212    5.90082
2014  213    5.98860
2014  214    6.15028
2014  215    6.03260
2014  216    5.98341
2014  217    6.03611
2014  218    5.96444
2014  219    6.08702
2014  220    6.29687
2014  221    6.09604
2014  222    5.94879
2014  223    5.83900
2014  224    5.70860
2014  225    5.44791
2014  226    4.90290
2014  227    4.87388
2014  228    4.88542
2014  229    4.92339
2014  230    5.35492
2014  231    6.41963
2014  232    5.56963
2014  233    4.96574
2014  234    5.06642
2014  235    5.98379
2014  236    6.85687
2014  237    5.78078
2014  238    5.64474
2014  239    5.90848
2014  240    6.40377
2014  241    6.74918
2014  242    5.85922
2014  243    5.81275
2014  244    5.89792
2014  245    6.65520
2014  246    6.06306
2014  247    5.85385
2014  248    5.55645
2014  249    5.03871
2014  250    4.95169
2014  251    4.96859
2014  252    5.38151
2014  253    6.07858
2014  254    7.58804
2014  255    8.23930
2014  256    8.31623
2014  257    8.30642
2014  258    8.11337
2014  259    8.39053
2014  260    8.30572
2014  261    8.14320
2014  262    7.90389
2014  263    7.91711
2014  264    7.91099
2014  265    7.93764
2014  266    8.02074
2014  267    8.08717
2014  268    8.08058
2014  269    7.91920
2014  270    7.70642
2014  271    7.68393
2014  272    7.65292
2014  273    7.64573
2014  274    7.44417
2014  275    8.16932
2014  276    9.14035
2014  277    9.21300
2014  278    9.26026
2014  279    9.30600
2014  280    9.29314
2014  281    9.30432
2014  282    9.17941
2014  283    8.90803
2014  284    8.74848
2014  285    8.78548
2014  286    9.14529
2014  287    9.76131
2014  288    9.83685
2014  289    9.89519
2014  290    9.93344
2014  291    9.98997
2014  292   10.01669
2014  293    9.86002
2014  294    9.77200
2014  295    9.67431
2014  296    9.46541
2014  297    9.40989
2014  298    9.51301
2014  299    9.57204
2014  300    9.56486
2014  301    9.74757
2014  302    9.76627
2014  303    9.77427
2014  304    9.80925
2014  305    9.75438
2014  306    9.66500
2014  307    9.57029
2014  308    9.78970
2014  309    9.86215
2014  310    9.85660
2014  311   10.06885
2014  312   10.33185
2014  313   10.37927
2014  314    9.23840
2014  315    8.69793
2014  316    8.73766
2014  317    9.36182
2014  318   10.15770
2014  319   10.22432
2014  320   10.02994
2014  321    9.83598
2014  322    9.78923
2014  323    9.82901
2014  324    9.81867
2014  325    9.83757
2014  326    9.85612
2014  327   10.39130
2014  328   11.49370
2014  329   12.08378
2014  330   12.19970
2014  331   12.21592
2014  332   12.22968
2014  333   12.22446
2014  334   12.21217
2014  335   11.89568
2014  336   11.44761
2014  337   11.80630
2014  338   11.88312
2014  339   11.98942
2014  340   12.20572
2014  341   12.32470
2014  342   12.38530
2014  343   12.45608
2014  344   12.48788
2014  345   12.47280
2014  346   12.45929
2014  347   12.42978
2014  348   12.42275
2014  349   12.46209
2014  350   12.38555
2014  351   12.45670
2014  352   12.44666
2014  353   12.42122
2014  354   12.41084
2014  355   12.42527
2014  356   12.76298
2014  357   13.18363
2014  358   13.41272
2014  359   13.47910
2014  360   13.52863
2014  361   13.56275
2014  362   13.57282
2014  363   13.54967
2014  364   13.55781
2014  365   13.45887
