2015    1   13.50504
2015    2   13.52936
2015    3   13.57637
2015    4   13.60632
2015    5   13.63237
2015    6   13.55991
2015    7   13.33372
2015    8   13.39231
2015    9   13.40768
2015   10   13.39078
2015   11   13.40724
2015   12   13.41975
2015   13   13.39258
2015   14   13.38185
2015   15   13.39863
2015   16   13.35767
2015   17   13.33244
2015   18   13.36947
2015   19   13.39857
2015   20   13.43447
2015   21   13.54306
2015   22   13.67762
2015   23   13.72157
2015   24   13.72108
2015   25   13.69483
2015   26   13.66637
2015   27   13.60727
2015   28   13.52215
2015   29   13.51603
2015   30   13.51115
2015   31   13.48176
2015   32   13.47369
2015   33   13.44609
2015   34   13.41003
2015   35   13.38493
2015   36   13.33566
2015   37   13.28051
2015   38   13.24987
2015   39   13.27548
2015   40   13.42082
2015   41   13.51970
2015   42   13.50993
2015   43   13.49275
2015   44   13.44777
2015   45   13.36962
2015   46   13.25212
2015   47   13.13248
2015   48   12.82793
2015   49   12.62070
2015   50   12.65730
2015   51   12.70890
2015   52   12.67560
2015   53   12.61903
2015   54   12.54718
2015   55   12.50109
2015   56   12.33919
2015   57   12.05205
2015   58   11.96734
2015   59   11.92653
2015   60   11.88791
2015   61   11.83478
2015   62   11.82738
2015   63   11.75260
2015   64   11.67275
2015   65   11.62724
2015   66   11.66620
2015   67   11.71661
2015   68   12.17811
2015   69   12.40526
2015   70   12.39757
2015   71   12.35063
2015   72   12.30739
2015   73   12.23885
2015   74   12.14079
2015   75   12.04709
2015   76   11.93240
2015   77   11.83066
2015   78   11.76113
2015   79   11.60974
2015   80   11.46371
2015   81   11.39010
2015   82   11.32188
2015   83   11.26911
2015   84   10.86124
2015   85   10.70245
2015   86   11.43753
2015   87   11.42683
2015   88   11.31729
2015   89   11.05575
2015   90   10.90157
2015   91   10.88499
2015   92   10.86513
2015   93   10.80513
2015   94   10.63033
2015   95   10.40491
2015   96   10.04501
2015   97   10.40923
2015   98   10.30878
2015   99   10.32632
2015  100   10.35433
2015  101   10.47707
2015  102   10.44529
2015  103   10.27115
2015  104    9.99703
2015  105    9.92135
2015  106    9.61439
2015  107    9.49796
2015  108    9.53120
2015  109    9.56271
2015  110    9.47266
2015  111    9.40706
2015  112    9.23912
2015  113    8.96846
2015  114    9.17046
2015  115    9.21799
2015  116    9.10475
2015  117    9.28592
2015  118    9.09467
2015  119    7.75581
2015  120    8.03876
2015  121    8.23848
2015  122    8.36065
2015  123    8.37475
2015  124    8.37776
2015  125    8.53962
2015  126    8.43311
2015  127    8.04111
2015  128    8.14671
2015  129    8.38870
2015  130    8.36766
2015  131    9.18719
2015  132    9.08477
2015  133    8.95899
2015  134    8.81714
2015  135    8.71576
2015  136    8.70550
2015  137    8.55824
2015  138    8.41557
2015  139    8.04005
2015  140    8.02977
2015  141    7.95833
2015  142    7.76815
2015  143    7.68693
2015  144    7.58472
2015  145    7.48019
2015  146    7.47474
2015  147    7.33787
2015  148    7.22765
2015  149    7.15836
2015  150    7.44455
2015  151    8.10678
2015  152    8.31815
2015  153    8.27836
2015  154    8.23150
2015  155    8.16855
2015  156    8.09013
2015  157    7.91139
2015  158    7.51475
2015  159    7.80384
2015  160    8.00351
2015  161    7.98850
2015  162    8.09491
2015  163    8.16086
2015  164    8.07260
2015  165    8.02221
2015  166    8.09237
2015  167    8.10530
2015  168    8.06920
2015  169    8.04235
2015  170    8.01713
2015  171    7.97929
2015  172    7.94153
2015  173    7.91306
2015  174    7.82692
2015  175    7.72499
2015  176    7.78486
2015  177    7.82229
2015  178    7.81998
2015  179    7.79690
2015  180    7.77814
2015  181    7.73739
2015  182    7.73053
2015  183    7.68856
2015  184    7.63884
2015  185    7.51400
2015  186    7.26835
2015  187    6.66779
2015  188    6.78992
2015  189    7.23833
2015  190    7.62575
2015  191    7.60867
2015  192    7.59688
2015  193    7.49546
2015  194    7.48566
2015  195    7.50380
2015  196    7.57460
2015  197    7.54328
2015  198    7.40578
2015  199    7.16628
2015  200    6.98992
2015  201    6.43430
2015  202    6.17781
2015  203    6.35042
2015  204    6.34237
2015  205    6.26562
2015  206    6.18813
2015  207    6.12460
2015  208    5.87901
2015  209    5.74559
2015  210    5.89215
2015  211    5.93777
2015  212    5.98521
2015  213    5.96730
2015  214    5.86284
2015  215    5.89932
2015  216    6.00966
2015  217    5.35161
2015  218    5.71230
2015  219    5.07934
2015  220    5.06481
2015  221    5.30943
2015  222    5.57598
2015  223    5.49161
2015  224    4.96132
2015  225    4.88559
2015  226    5.06143
2015  227    4.82436
2015  228    4.78893
2015  229    4.92398
2015  230    5.03135
2015  231    5.02301
2015  232    5.02328
2015  233    5.08392
2015  234    5.24279
2015  235    5.16783
2015  236    5.02127
2015  237    4.91836
2015  238    4.87805
2015  239    4.85208
2015  240    4.87844
2015  241    4.80400
2015  242    4.77015
2015  243    4.79210
2015  244    4.87809
2015  245    4.98478
2015  246    4.87424
2015  247    4.81532
2015  248    4.82402
2015  249    4.81366
2015  250    4.83740
2015  251    5.06741
2015  252    4.91145
2015  253    4.96177
2015  254    5.20066
2015  255    4.96571
2015  256    4.92941
2015  257    4.93919
2015  258    4.94417
2015  259    4.93383
2015  260    4.96258
2015  261    5.13398
2015  262    6.16108
2015  263    6.88880
2015  264    7.91089
2015  265    7.75157
2015  266    7.07440
2015  267    6.60297
2015  268    6.21494
2015  269    6.21765
2015  270    6.09509
2015  271    6.22079
2015  272    6.74457
2015  273    6.65105
2015  274    5.89958
2015  275    5.40364
2015  276    5.42056
2015  277    5.37415
2015  278    5.38443
2015  279    5.39012
2015  280    5.39169
2015  281    5.42416
2015  282    5.39858
2015  283    5.39835
2015  284    5.45849
2015  285    5.41283
2015  286    5.47199
2015  287    5.46645
2015  288    5.49315
2015  289    5.51187
2015  290    5.58644
2015  291    5.64987
2015  292    5.63839
2015  293    5.64811
2015  294    5.68824
2015  295    5.68881
2015  296    5.76102
2015  297    5.78782
2015  298    5.80466
2015  299    5.89075
2015  300    6.43969
2015  301    6.08877
2015  302    6.12865
2015  303    5.94879
2015  304    6.50033
2015  305    6.25351
2015  306    6.33899
2015  307    6.35637
2015  308    6.41837
2015  309    6.52266
2015  310    6.48791
2015  311    6.51722
2015  312    6.50314
2015  313    6.56603
2015  314    6.54208
2015  315    6.81584
2015  316    6.78344
2015  317    6.75406
2015  318    6.80330
2015  319    6.85313
2015  320    7.24828
2015  321    9.33941
2015  322    9.95463
2015  323   10.34871
2015  324   11.39860
2015  325   11.64062
2015  326   11.55532
2015  327   11.44487
2015  328   11.58998
2015  329   11.63525
2015  330   11.58962
2015  331   11.80748
2015  332   12.01806
2015  333   12.44188
2015  334   12.52799
2015  335   12.51883
2015  336   12.61608
2015  337   12.67692
2015  338   12.70842
2015  339   12.65380
2015  340   12.64463
2015  341   12.48257
2015  342   12.45642
2015  343   12.05774
2015  344   12.14200
2015  345   12.54708
2015  346   12.57131
2015  347   12.45239
2015  348   12.46401
2015  349   12.96885
2015  350   13.13796
2015  351   13.17430
2015  352   13.19683
2015  353   13.20814
2015  354   13.14870
2015  355   13.18831
2015  356   13.34222
2015  357   13.47470
2015  358   13.54789
2015  359   13.53264
2015  360   13.49793
2015  361   13.15597
2015  362   13.14863
2015  363   13.07576
2015  364   13.15011
2015  365   13.25834
