2016    1   13.33572
2016    2   13.37418
2016    3   13.57910
2016    4   13.80576
2016    5   13.89968
2016    6   13.82889
2016    7   13.84472
2016    8   13.83047
2016    9   13.83201
2016   10   13.85202
2016   11   13.87141
2016   12   13.87473
2016   13   13.86819
2016   14   13.84877
2016   15   13.79095
2016   16   13.37487
2016   17   13.72794
2016   18   13.74723
2016   19   13.72231
2016   20   13.71219
2016   21   13.68836
2016   22   13.68500
2016   23   13.68961
2016   24   13.66334
2016   25   13.63956
2016   26   13.60375
2016   27   13.56578
2016   28   13.52071
2016   29   13.47980
2016   30   13.44577
2016   31   13.41203
2016   32   13.38100
2016   33   13.40016
2016   34   13.64948
2016   35   13.78632
2016   36   13.74879
2016   37   13.71207
2016   38   13.67385
2016   39   13.59435
2016   40   13.40950
2016   41   13.41314
2016   42   13.38815
2016   43   13.33621
2016   44   13.22784
2016   45   13.14511
2016   46   13.11345
2016   47   13.12715
2016   48   12.96380
2016   49   12.43378
2016   50   12.45692
2016   51   12.57175
2016   52   12.60811
2016   53   12.66220
2016   54   12.65518
2016   55   12.73938
2016   56   12.61778
2016   57   12.42084
2016   58   12.36214
2016   59   12.34722
2016   60   12.39981
2016   61   12.41908
2016   62   12.40469
2016   63   12.23702
2016   64   12.04870
2016   65   12.01423
2016   66   11.97214
2016   67   12.00195
2016   68   12.01347
2016   69   12.02307
2016   70   11.91199
2016   71   11.77526
2016   72   11.65919
2016   73   11.93485
2016   74   12.24023
2016   75   12.17721
2016   76   12.07868
2016   77   12.00045
2016   78   11.87546
2016   79   11.68939
2016   80   11.58887
2016   81   11.40363
2016   82   11.21959
2016   83   11.18241
2016   84   11.12275
2016   85   10.26026
2016   86   10.91199
2016   87   11.31683
2016   88   11.21641
2016   89   11.03711
2016   90   10.97458
2016   91   11.27322
2016   92   11.49724
2016   93   11.44351
2016   94   11.32453
2016   95   11.16430
2016   96   11.04844
2016   97   10.80963
2016   98   10.92933
2016   99   10.98466
2016  100   10.91040
2016  101   10.84007
2016  102   10.82466
2016  103   10.72808
2016  104   10.57390
2016  105   10.32089
2016  106   10.09337
2016  107    9.96078
2016  108    9.93436
2016  109    9.84999
2016  110    9.75373
2016  111    9.61742
2016  112    9.60575
2016  113    9.60694
2016  114    9.50447
2016  115    9.40499
2016  116    9.33322
2016  117    9.30339
2016  118    9.25818
2016  119    9.15582
2016  120    9.04686
2016  121    9.15686
2016  122    9.30488
2016  123    9.47827
2016  124    9.43898
2016  125    9.35852
2016  126    9.20318
2016  127    9.02636
2016  128    8.90454
2016  129    8.82203
2016  130    8.77757
2016  131    9.16904
2016  132    9.34885
2016  133    9.40401
2016  134    9.36794
2016  135    9.32763
2016  136    9.29099
2016  137    9.23191
2016  138    9.16818
2016  139    8.99527
2016  140    8.75610
2016  141    8.52529
2016  142    8.41070
2016  143    8.30310
2016  144    8.04879
2016  145    7.82257
2016  146    7.85987
2016  147    7.99378
2016  148    7.98786
2016  149    8.33313
2016  150    8.39887
2016  151    8.01959
2016  152    7.79313
2016  153    7.90462
2016  154    7.89368
2016  155    7.81842
2016  156    7.98301
2016  157    8.27239
2016  158    8.01882
2016  159    7.67897
2016  160    7.51426
2016  161    7.25252
2016  162    7.15823
2016  163    7.11801
2016  164    7.10865
2016  165    6.92117
2016  166    6.68728
2016  167    6.91505
2016  168    7.18284
2016  169    7.32827
2016  170    7.21727
2016  171    6.79753
2016  172    6.72722
2016  173    6.51458
2016  174    6.87187
2016  175    7.39333
2016  176    7.50514
2016  177    7.43408
2016  178    7.28030
2016  179    6.84203
2016  180    6.51967
2016  181    6.27979
2016  182    6.19011
2016  183    6.34723
2016  184    6.27278
2016  185    6.34012
2016  186    6.26301
2016  187    6.18913
2016  188    6.52230
2016  189    6.46558
2016  190    6.26040
2016  191    6.27382
2016  192    6.27894
2016  193    6.09190
2016  194    5.77638
2016  195    5.82541
2016  196    5.96838
2016  197    6.13887
2016  198    6.20821
2016  199    6.14611
2016  200    6.10396
2016  201    6.14814
2016  202    6.18238
2016  203    6.21874
2016  204    6.21239
2016  205    6.17284
2016  206    6.15277
2016  207    7.22630
2016  208    7.36252
2016  209    7.35470
2016  210    7.34467
2016  211    7.25619
2016  212    7.17843
2016  213    6.83652
2016  214    6.50335
2016  215    6.17423
2016  216    5.76365
2016  217    5.81629
2016  218    5.77648
2016  219    5.76135
2016  220    5.69808
2016  221    5.53829
2016  222    5.11066
2016  223    5.14094
2016  224    5.10800
2016  225    5.18886
2016  226    5.32428
2016  227    5.45210
2016  228    6.46874
2016  229    6.92143
2016  230    7.21856
2016  231    7.32978
2016  232    7.27981
2016  233    7.00348
2016  234    6.67824
2016  235    6.41734
2016  236    6.05807
2016  237    5.98516
2016  238    6.14112
2016  239    6.96719
2016  240    7.51523
2016  241    7.82782
2016  242    7.74044
2016  243    7.70743
2016  244    7.84270
2016  245    7.79242
2016  246    7.66208
2016  247    7.18264
2016  248    6.39934
2016  249    6.39687
2016  250    6.10678
2016  251    5.44552
2016  252    6.73141
2016  253    7.48999
2016  254    8.04627
2016  255    8.19485
2016  256    8.23410
2016  257    8.27952
2016  258    8.31816
2016  259    8.22517
2016  260    7.91588
2016  261    7.64014
2016  262    7.13803
2016  263    6.79559
2016  264    7.04616
2016  265    7.26762
2016  266    7.24525
2016  267    6.74210
2016  268    6.71053
2016  269    7.11273
2016  270    7.06044
2016  271    6.99687
2016  272    7.02900
2016  273    7.05151
2016  274    7.08242
2016  275    7.04854
2016  276    7.03909
2016  277    7.06784
2016  278    6.90089
2016  279    6.30040
2016  280    6.41934
2016  281    6.54717
2016  282    6.64255
2016  283    6.76954
2016  284    6.90000
2016  285    6.94958
2016  286    7.04241
2016  287    7.11561
2016  288    7.13749
2016  289    7.11979
2016  290    7.65830
2016  291    7.54405
2016  292    7.49251
2016  293    7.71515
2016  294    8.46538
2016  295    8.36067
2016  296    7.35705
2016  297    7.29466
2016  298    7.44970
2016  299    7.57347
2016  300    7.67429
2016  301    7.66201
2016  302    7.68319
2016  303    7.87597
2016  304    8.17461
2016  305    8.14095
2016  306    7.94227
2016  307    8.25741
2016  308    8.47224
2016  309    8.50551
2016  310    8.62970
2016  311    8.81266
2016  312    8.92015
2016  313    9.23207
2016  314    9.65535
2016  315    9.50071
2016  316    9.17874
2016  317    8.80230
2016  318    8.40330
2016  319    8.45085
2016  320    8.59828
2016  321    8.69721
2016  322    8.66923
2016  323    8.89554
2016  324    8.80703
2016  325    9.00780
2016  326    9.11019
2016  327    9.44960
2016  328   10.93262
2016  329   11.74435
2016  330   12.13522
2016  331   12.23290
2016  332   12.30183
2016  333   12.44731
2016  334   12.56458
2016  335   12.60914
2016  336   12.65003
2016  337   12.70893
2016  338   12.75965
2016  339   12.80738
2016  340   12.78502
2016  341   12.73282
2016  342   12.70251
2016  343   12.70421
2016  344   12.70446
2016  345   12.66007
2016  346   12.70725
2016  347   12.85524
2016  348   12.95154
2016  349   12.98914
2016  350   12.99287
2016  351   12.94910
2016  352   12.95064
2016  353   12.82683
2016  354   12.26709
2016  355   12.13681
2016  356   12.80849
2016  357   13.26093
2016  358   13.30577
2016  359   13.23537
2016  360   13.21480
2016  361   13.42620
2016  362   13.58940
2016  363   13.67918
2016  364   13.72067
2016  365   13.69122
2016  366   13.60746
