2017    1   13.66240
2017    2   13.67839
2017    3   13.71931
2017    4   13.85466
2017    5   13.90185
2017    6   13.90067
2017    7   13.87590
2017    8   13.74641
2017    9   13.53857
2017   10   13.64674
2017   11   13.75079
2017   12   13.82573
2017   13   13.87973
2017   14   13.89256
2017   15   13.89249
2017   16   13.90408
2017   17   13.93854
2017   18   13.97941
2017   19   14.01935
2017   20   14.09466
2017   21   14.15535
2017   22   14.16643
2017   23   14.15586
2017   24   14.14296
2017   25   14.13242
2017   26   14.11646
2017   27   14.07961
2017   28   13.98195
2017   29   13.90756
2017   30   13.85423
2017   31   13.76391
2017   32   13.74680
2017   33   13.73528
2017   34   13.67234
2017   35   13.59514
2017   36   13.49568
2017   37   13.30879
2017   38   13.26879
2017   39   13.34701
2017   40   13.41271
2017   41   13.38566
2017   42   13.36695
2017   43   13.34832
2017   44   13.25263
2017   45   13.24289
2017   46   13.19552
2017   47   13.15119
2017   48   13.09320
2017   49   13.06079
2017   50   13.03626
2017   51   12.98493
2017   52   12.93216
2017   53   12.87114
2017   54   12.82164
2017   55   12.76888
2017   56   12.63655
2017   57   12.47697
2017   58   12.16947
2017   59   11.78979
2017   60   11.77078
2017   61   11.68532
2017   62   11.96816
2017   63   12.14405
2017   64   12.17445
2017   65   12.16651
2017   66   12.24367
2017   67   12.18447
2017   68   12.13181
2017   69   12.07173
2017   70   12.00144
2017   71   11.90987
2017   72   11.71993
2017   73   10.98145
2017   74    9.68484
2017   75    9.55445
2017   76    9.56979
2017   77    9.44419
2017   78    9.38852
2017   79    9.55893
2017   80   10.07164
2017   81   10.86184
2017   82   11.01379
2017   83   10.93857
2017   84   11.11660
2017   85   11.03887
2017   86   10.75234
2017   87   10.51130
2017   88   10.56968
2017   89   11.30383
2017   90   11.47250
2017   91   11.43968
2017   92   11.39802
2017   93   11.32748
2017   94   11.21626
2017   95   11.14720
2017   96   11.25422
2017   97   11.33800
2017   98   11.28535
2017   99   11.23136
2017  100   11.18062
2017  101   11.12057
2017  102   10.94353
2017  103   10.52927
2017  104   10.26868
2017  105   10.20551
2017  106   10.22975
2017  107   10.16000
2017  108    9.94846
2017  109    9.65740
2017  110    9.69557
2017  111    9.69676
2017  112    9.62038
2017  113    9.40078
2017  114    9.17298
2017  115    8.94043
2017  116    9.14331
2017  117    9.41838
2017  118    9.40661
2017  119    9.53835
2017  120   10.13784
2017  121   10.02493
2017  122   10.04150
2017  123    9.98635
2017  124    9.77400
2017  125    9.68719
2017  126    9.73064
2017  127    9.77335
2017  128    9.78438
2017  129    9.70496
2017  130    9.63391
2017  131    9.57616
2017  132    9.33522
2017  133    9.05111
2017  134    8.89025
2017  135    8.69430
2017  136    8.53326
2017  137    8.45814
2017  138    8.15405
2017  139    8.96064
2017  140    9.15780
2017  141    9.12159
2017  142    9.13230
2017  143    9.03698
2017  144    8.98312
2017  145    8.77381
2017  146    8.39601
2017  147    8.12498
2017  148    8.01974
2017  149    7.85772
2017  150    7.59178
2017  151    7.47081
2017  152    7.43710
2017  153    7.37653
2017  154    7.27991
2017  155    7.16334
2017  156    7.13548
2017  157    7.07212
2017  158    6.97185
2017  159    6.71058
2017  160    6.37574
2017  161    6.42910
2017  162    6.67219
2017  163    6.82319
2017  164    6.68612
2017  165    6.50593
2017  166    6.46514
2017  167    6.42427
2017  168    6.38713
2017  169    6.37158
2017  170    6.31604
2017  171    6.20555
2017  172    6.58368
2017  173    6.58707
2017  174    6.52028
2017  175    6.36911
2017  176    6.07537
2017  177    5.58578
2017  178    5.38354
2017  179    5.41557
2017  180    5.43849
2017  181    5.71499
2017  182    5.72066
2017  183    5.66024
2017  184    5.59701
2017  185    5.51958
2017  186    5.44528
2017  187    5.30186
2017  188    5.02819
2017  189    4.92475
2017  190    4.87611
2017  191    4.88153
2017  192    5.64214
2017  193    5.98336
2017  194    5.94309
2017  195    5.61779
2017  196    5.07976
2017  197    5.17350
2017  198    4.92185
2017  199    4.82312
2017  200    4.74274
2017  201    4.73603
2017  202    4.74288
2017  203    4.90275
2017  204    4.70947
2017  205    4.71857
2017  206    4.69218
2017  207    4.93408
2017  208    4.93917
2017  209    4.74086
2017  210    4.69315
2017  211    4.65057
2017  212    4.60565
2017  213    4.70124
2017  214    4.62791
2017  215    4.62705
2017  216    4.54579
2017  217    4.53203
2017  218    4.57142
2017  219    4.59082
2017  220    4.55666
2017  221    4.54455
2017  222    4.61283
2017  223    4.56923
2017  224    4.49946
2017  225    4.48357
2017  226    4.50359
2017  227    4.49607
2017  228    4.51308
2017  229    4.50384
2017  230    4.50881
2017  231    4.48399
2017  232    4.51161
2017  233    4.63347
2017  234    4.72652
2017  235    4.55436
2017  236    4.86715
2017  237    4.73722
2017  238    4.63470
2017  239    4.62768
2017  240    5.39827
2017  241    4.97824
2017  242    4.64568
2017  243    4.57486
2017  244    4.48739
2017  245    4.50369
2017  246    4.52353
2017  247    4.81151
2017  248    4.63594
2017  249    4.57003
2017  250    4.58644
2017  251    4.52367
2017  252    4.50452
2017  253    4.58063
2017  254    4.60880
2017  255    4.57250
2017  256    4.65834
2017  257    4.63193
2017  258    4.63821
2017  259    4.65822
2017  260    4.66410
2017  261    4.92453
2017  262    4.76825
2017  263    4.80440
2017  264    4.85039
2017  265    4.89881
2017  266    4.82207
2017  267    4.79070
2017  268    4.84548
2017  269    4.80504
2017  270    4.82219
2017  271    4.85090
2017  272    4.86872
2017  273    4.86345
2017  274    4.85359
2017  275    4.91667
2017  276    4.97627
2017  277    5.55347
2017  278    5.43081
2017  279    5.68190
2017  280    5.52730
2017  281    5.23630
2017  282    5.32426
2017  283    5.60609
2017  284    5.44302
2017  285    5.40099
2017  286    5.37691
2017  287    5.50018
2017  288    5.67008
2017  289    5.47678
2017  290    5.50660
2017  291    5.52720
2017  292    5.54790
2017  293    5.55979
2017  294    5.58859
2017  295    6.16628
2017  296    6.35535
2017  297    5.86227
2017  298    5.94991
2017  299    6.03088
2017  300    5.98352
2017  301    5.96954
2017  302    6.00571
2017  303    6.03484
2017  304    5.99353
2017  305    6.07948
2017  306    6.10589
2017  307    6.10340
2017  308    6.17411
2017  309    6.59849
2017  310    6.29067
2017  311    6.26483
2017  312    6.31249
2017  313    6.38211
2017  314    6.41861
2017  315    6.45100
2017  316    6.50352
2017  317    6.52063
2017  318    6.54448
2017  319    7.13779
2017  320    6.75665
2017  321    6.80103
2017  322    7.33502
2017  323    7.36744
2017  324    9.21189
2017  325    9.45864
2017  326    8.51853
2017  327    8.14055
2017  328    7.89445
2017  329    7.77967
2017  330    7.74138
2017  331    7.74260
2017  332    7.60913
2017  333    7.67105
2017  334    7.74504
2017  335    7.69576
2017  336    7.74991
2017  337    7.81320
2017  338    7.96260
2017  339    7.93268
2017  340    7.81039
2017  341    7.76608
2017  342    7.82781
2017  343    7.87813
2017  344    7.89948
2017  345    7.93150
2017  346    8.00987
2017  347    8.08542
2017  348    8.09816
2017  349    8.13938
2017  350    8.30026
2017  351    8.28043
2017  352    8.36852
2017  353    9.78275
2017  354   11.11130
2017  355   11.26554
2017  356   10.93326
2017  357    9.88714
2017  358    8.58079
2017  359    8.52108
2017  360    8.56660
2017  361    8.60450
2017  362    8.62895
2017  363    8.65273
2017  364    8.76089
2017  365    8.80904
