2018    1    8.82435
2018    2    8.86880
2018    3    8.88711
2018    4    8.94400
2018    5    8.93290
2018    6    8.98938
2018    7    9.14689
2018    8    9.25465
2018    9    9.14113
2018   10    9.22720
2018   11    9.79036
2018   12    9.34809
2018   13    9.39567
2018   14    9.73333
2018   15    9.78546
2018   16    9.79076
2018   17    9.60048
2018   18    9.64536
2018   19    9.61105
2018   20    9.44725
2018   21    9.76605
2018   22   10.32525
2018   23   10.02405
2018   24   11.29444
2018   25   11.40629
2018   26   10.28137
2018   27   11.30019
2018   28   12.09587
2018   29   12.14126
2018   30   12.06149
2018   31   11.52294
2018   32    9.86879
2018   33    9.74016
2018   34   10.05808
2018   35    9.95234
2018   36    9.80511
2018   37    9.85742
2018   38   10.43872
2018   39   10.25714
2018   40   10.25509
2018   41   10.20519
2018   42   10.22498
2018   43   10.22719
2018   44   10.29004
2018   45   10.33423
2018   46   10.36332
2018   47   10.24354
2018   48   10.30738
2018   49   10.41789
2018   50   11.92932
2018   51   13.23504
2018   52   13.64680
2018   53   13.53074
2018   54   13.37145
2018   55   13.10526
2018   56   13.15772
2018   57   13.36256
2018   58   13.39152
2018   59   13.36112
2018   60   13.32812
2018   61   13.22786
2018   62   13.13216
2018   63   13.05266
2018   64   13.02008
2018   65   12.96794
2018   66   12.90482
2018   67   12.69426
2018   68   12.48957
2018   69   10.67773
2018   70   10.52068
2018   71   10.38048
2018   72   10.27858
2018   73   12.05358
2018   74   11.83544
2018   75   10.56344
2018   76   10.20880
2018   77   10.82178
2018   78   11.40643
2018   79   11.43853
2018   80   11.24726
2018   81   11.13104
2018   82   11.11051
2018   83   11.64382
2018   84   11.69876
2018   85   11.60234
2018   86   11.89554
2018   87   11.98528
2018   88   11.92847
2018   89   11.87844
2018   90   11.83736
2018   91   11.79413
2018   92   11.70929
2018   93   11.56746
2018   94   11.48803
2018   95   11.29960
2018   96   11.17221
2018   97   11.08733
2018   98   10.95841
2018   99   10.70481
2018  100   10.55288
2018  101   10.46600
2018  102   10.36564
2018  103   10.31347
2018  104   10.46127
2018  105   10.58489
2018  106   10.63408
2018  107   10.60143
2018  108   10.52620
2018  109   10.42527
2018  110   10.24459
2018  111   10.02494
2018  112    9.74208
2018  113    9.44752
2018  114    9.47687
2018  115    9.44630
2018  116    9.15337
2018  117    8.63460
2018  118    8.91086
2018  119    9.02574
2018  120    9.01932
2018  121    9.12089
2018  122    9.09876
2018  123    8.93188
2018  124    8.54063
2018  125    8.43979
2018  126    8.39060
2018  127    8.17432
2018  128    8.17721
2018  129    8.15566
2018  130    8.18730
2018  131    8.16122
2018  132    8.24966
2018  133    8.29117
2018  134    8.05143
2018  135    8.00186
2018  136    8.08374
2018  137    8.08634
2018  138    7.97579
2018  139    7.73437
2018  140    7.61944
2018  141    7.45361
2018  142    7.11732
2018  143    7.20174
2018  144    7.23109
2018  145    7.21251
2018  146    7.45603
2018  147    7.46216
2018  148    7.39964
2018  149    7.33716
2018  150    7.28608
2018  151    7.23507
2018  152    7.40306
2018  153    7.95746
2018  154    7.68921
2018  155    7.18719
2018  156    7.09235
2018  157    7.05498
2018  158    6.95646
2018  159    6.86689
2018  160    6.78423
2018  161    6.85919
2018  162    7.84986
2018  163    8.19018
2018  164    8.18828
2018  165    8.11453
2018  166    8.04766
2018  167    7.97531
2018  168    7.48436
2018  169    6.84799
2018  170    6.83449
2018  171    6.95617
2018  172    7.38119
2018  173    7.66967
2018  174    7.76591
2018  175    7.84479
2018  176    7.78935
2018  177    7.69505
2018  178    7.13124
2018  179    6.66599
2018  180    6.62296
2018  181    6.53598
2018  182    6.75429
2018  183    7.19671
2018  184    6.34613
2018  185    6.29621
2018  186    6.19337
2018  187    6.11472
2018  188    6.12290
2018  189    6.07315
2018  190    6.03868
2018  191    5.99778
2018  192    5.84107
2018  193    5.59154
2018  194    5.54235
2018  195    5.76767
2018  196    5.72039
2018  197    5.85668
2018  198    5.85846
2018  199    5.79803
2018  200    5.60573
2018  201    5.26894
2018  202    5.11422
2018  203    5.08142
2018  204    5.01485
2018  205    5.60718
2018  206    4.96388
2018  207    4.85536
2018  208    4.82485
2018  209    4.78966
2018  210    5.28422
2018  211    5.93242
2018  212    5.44598
2018  213    5.01440
2018  214    4.87430
2018  215    4.81576
2018  216    4.75995
2018  217    4.76097
2018  218    4.76627
2018  219    4.83289
2018  220    4.77819
2018  221    4.91357
2018  222    4.78689
2018  223    4.69533
2018  224    4.67851
2018  225    4.65028
2018  226    4.59801
2018  227    4.70539
2018  228    4.67226
2018  229    4.63301
2018  230    4.65979
2018  231    4.63280
2018  232    5.22387
2018  233    4.98757
2018  234    4.72048
2018  235    4.79807
2018  236    5.16102
2018  237    4.89137
2018  238    4.81155
2018  239    4.81140
2018  240    4.76593
2018  241    5.01342
2018  242    4.80000
2018  243    4.79007
2018  244    4.77754
2018  245    4.74611
2018  246    4.72047
2018  247    4.71099
2018  248    4.71069
2018  249    4.78677
2018  250    6.24551
2018  251    6.96249
2018  252    7.07888
2018  253    7.14015
2018  254    7.07251
2018  255    6.22277
2018  256    6.04192
2018  257    5.92779
2018  258    5.79704
2018  259    5.63762
2018  260    5.40585
2018  261    5.11663
2018  262    5.12293
2018  263    5.13298
2018  264    5.15065
2018  265    5.13954
2018  266    5.12779
2018  267    5.26585
2018  268    5.44082
2018  269    5.30855
2018  270    5.22517
2018  271    5.31247
2018  272    5.29042
2018  273    5.29238
2018  274    5.31102
2018  275    5.26793
2018  276    5.30396
2018  277    5.28796
2018  278    5.41154
2018  279    6.31557
2018  280    6.71438
2018  281    8.13108
2018  282    8.87944
2018  283    8.91270
2018  284    8.91707
2018  285    8.86560
2018  286    8.37486
2018  287    8.25405
2018  288    8.27165
2018  289    7.82273
2018  290    6.90690
2018  291    7.01705
2018  292    7.09152
2018  293    7.10284
2018  294    7.15523
2018  295    7.06874
2018  296    7.22932
2018  297    7.31602
2018  298    7.29206
2018  299    8.26162
2018  300    8.31620
2018  301    7.77859
2018  302    7.59988
2018  303    7.25415
2018  304    7.10001
2018  305    7.75734
2018  306    8.94995
2018  307   10.06254
2018  308   10.49477
2018  309   10.62291
2018  310   10.41751
2018  311   10.37379
2018  312   10.59702
2018  313   10.59592
2018  314   10.53570
2018  315   10.47863
2018  316   10.21753
2018  317   10.15398
2018  318   10.19934
2018  319   10.25461
2018  320    9.94534
2018  321    9.83463
2018  322    9.95534
2018  323   10.07815
2018  324   10.17621
2018  325   10.35723
2018  326   10.53774
2018  327   10.70289
2018  328   11.22857
2018  329   11.64116
2018  330   11.81934
2018  331   12.09354
2018  332   12.39337
2018  333   12.46723
2018  334   12.50521
2018  335   12.59149
2018  336   12.65031
2018  337   12.72213
2018  338   12.85465
2018  339   12.94096
2018  340   13.12920
2018  341   13.14622
2018  342   11.62072
2018  343   11.03261
2018  344   12.39255
2018  345   12.49567
2018  346   12.61273
2018  347   12.86835
2018  348   13.12153
2018  349   13.13862
2018  350   13.11767
2018  351   13.20070
2018  352   13.23974
2018  353   13.27099
2018  354   13.30957
2018  355   13.40508
2018  356   13.47275
2018  357   13.50058
2018  358   13.53200
2018  359   13.57148
2018  360   13.60858
2018  361   13.70845
2018  362   13.77841
2018  363   13.87598
2018  364   14.00257
2018  365   13.93889
