2019    1   13.82576
2019    2   13.93640
2019    3   13.89959
2019    4   13.91448
2019    5   13.96712
2019    6   14.09241
2019    7   14.23900
2019    8   14.19940
2019    9   14.15479
2019   10   14.10435
2019   11   14.10412
2019   12   14.13734
2019   13   14.10380
2019   14   13.94949
2019   15   13.95892
2019   16   14.02645
2019   17   14.17487
2019   18   14.19727
2019   19   14.21788
2019   20   14.21618
2019   21   14.21089
2019   22   14.17768
2019   23   14.40650
2019   24   14.27801
2019   25   14.31355
2019   26   14.32900
2019   27   14.33710
2019   28   14.34182
2019   29   14.23225
2019   30   14.13255
2019   31   14.02183
2019   32   13.86835
2019   33   13.79626
2019   34   13.95393
2019   35   14.17628
2019   36   14.18369
2019   37   14.15944
2019   38   14.05983
2019   39   13.95064
2019   40   13.96531
2019   41   14.01901
2019   42   14.02955
2019   43   14.01254
2019   44   14.02507
2019   45   13.91936
2019   46   13.98344
2019   47   13.88216
2019   48   13.77754
2019   49   13.69417
2019   50   13.50417
2019   51   13.32860
2019   52   13.33979
2019   53   13.26771
2019   54   13.32397
2019   55   13.47099
2019   56   13.58697
2019   57   13.42775
2019   58   13.30958
2019   59   13.23701
2019   60   13.14038
2019   61   12.96474
2019   62   12.75155
2019   63   12.66911
2019   64   12.57725
2019   65   12.33797
2019   66   12.20236
2019   67   12.25443
2019   68   12.73189
2019   69   13.06843
2019   70   13.01664
2019   71   12.96137
2019   72   12.91084
2019   73   12.86959
2019   74   12.80325
2019   75   12.75720
2019   76   12.69131
2019   77   12.49189
2019   78   12.32988
2019   79   12.20708
2019   80   12.02914
2019   81   11.77639
2019   82   11.58397
2019   83   11.76886
2019   84   11.84628
2019   85   11.56065
2019   86   11.47024
2019   87   11.63237
2019   88   11.77183
2019   89   11.99387
2019   90   11.90614
2019   91   11.82006
2019   92   11.79711
2019   93   11.75123
2019   94   11.77090
2019   95   11.64650
2019   96   11.40829
2019   97   11.28488
2019   98   11.41530
2019   99   11.39150
2019  100   11.17987
2019  101   10.83145
2019  102   10.61398
2019  103   10.60059
2019  104   10.79853
2019  105   11.08808
2019  106   10.99825
2019  107   10.96848
2019  108   10.92234
2019  109   10.88986
2019  110   10.84011
2019  111   10.77355
2019  112   10.69153
2019  113   10.45866
2019  114   10.19374
2019  115   10.01694
2019  116    9.95827
2019  117    9.41602
2019  118    9.17323
2019  119    9.22329
2019  120    9.36097
2019  121   10.10491
2019  122   10.25196
2019  123   10.09511
2019  124    9.83194
2019  125    9.83838
2019  126    9.91727
2019  127    9.99734
2019  128    9.91289
2019  129    9.91921
2019  130    9.87067
2019  131    9.76476
2019  132    9.69787
2019  133    9.62536
2019  134    9.47576
2019  135    9.28809
2019  136    8.90055
2019  137    8.72814
2019  138    8.66039
2019  139    8.51919
2019  140    8.57950
2019  141    8.36062
2019  142    8.44055
2019  143    8.72445
2019  144    8.75099
2019  145    8.66184
2019  146    8.66805
2019  147    8.66503
2019  148    8.70021
2019  149    8.70831
2019  150    8.66836
2019  151    8.64569
2019  152    8.60585
2019  153    8.55536
2019  154    8.47489
2019  155    8.33345
2019  156    8.31367
2019  157    7.96362
2019  158    7.73346
2019  159    7.54945
2019  160    7.38145
2019  161    7.19471
2019  162    7.00588
2019  163    6.96756
2019  164    7.14217
2019  165    7.14355
2019  166    7.57395
2019  167    7.86936
2019  168    7.77717
2019  169    7.55686
2019  170    7.71890
2019  171    8.19987
2019  172    7.95741
2019  173    8.20579
2019  174    8.17614
2019  175    7.83626
2019  176    7.54008
2019  177    7.57501
2019  178    7.34146
2019  179    7.06523
2019  180    6.86547
2019  181    6.82063
2019  182    6.96583
2019  183    6.88450
2019  184    6.81875
2019  185    6.81131
2019  186    6.98749
2019  187    7.03128
2019  188    6.76791
2019  189    6.54517
2019  190    6.34269
2019  191    6.29522
2019  192    6.16999
2019  193    6.10298
2019  194    6.08436
2019  195    6.06147
2019  196    5.85461
2019  197    5.68684
2019  198    5.90051
2019  199    5.99572
2019  200    5.92486
2019  201    5.83449
2019  202    5.75859
2019  203    5.41023
2019  204    4.97070
2019  205    4.78882
2019  206    4.75037
2019  207    4.73156
2019  208    4.70313
2019  209    4.69437
2019  210    5.49457
2019  211    4.96660
2019  212    5.49685
2019  213    5.97753
2019  214    4.73944
2019  215    4.64515
2019  216    4.61652
2019  217    4.65137
2019  218    4.66441
2019  219    4.67128
2019  220    4.59219
2019  221    4.56017
2019  222    4.49636
2019  223    4.89314
2019  224    5.12014
2019  225    4.83592
2019  226    4.61017
2019  227    4.56613
2019  228    4.56917
2019  229    5.12883
2019  230    4.75190
2019  231    5.20702
2019  232    4.93353
2019  233    5.23415
2019  234    6.13388
2019  235    6.06844
2019  236    4.72617
2019  237    4.85205
2019  238    5.25506
2019  239    4.87725
2019  240    4.72443
2019  241    4.72457
2019  242    4.66686
2019  243    4.67489
2019  244    4.93458
2019  245    4.71153
2019  246    4.69979
2019  247    4.67400
2019  248    4.68599
2019  249    4.65865
2019  250    4.63206
2019  251    4.76418
2019  252    4.72152
2019  253    4.69496
2019  254    4.70301
2019  255    4.74388
2019  256    4.70545
2019  257    4.70334
2019  258    4.74345
2019  259    4.65294
2019  260    4.79922
2019  261    4.88614
2019  262    4.80372
2019  263    4.89254
2019  264    4.87995
2019  265    5.23416
2019  266    5.05554
2019  267    4.92262
2019  268    4.93957
2019  269    4.89953
2019  270    5.25893
2019  271    5.75625
2019  272    7.12273
2019  273    6.00538
2019  274    5.60900
2019  275    5.53192
2019  276    5.46246
2019  277    5.43281
2019  278    5.39347
2019  279    5.37812
2019  280    5.35101
2019  281    5.38825
2019  282    5.42835
2019  283    5.54483
2019  284    5.59535
2019  285    5.53114
2019  286    5.56903
2019  287    5.55790
2019  288    5.58482
2019  289    5.60595
2019  290    5.64643
2019  291    5.65112
2019  292    5.65852
2019  293    5.62675
2019  294    5.84071
2019  295    5.62526
2019  296    5.61907
2019  297    5.65305
2019  298    5.76045
2019  299    8.23256
2019  300    8.18491
2019  301    7.00931
2019  302    7.46279
2019  303    9.99192
2019  304   10.94378
2019  305   10.95923
2019  306   10.76871
2019  307   10.76447
2019  308   10.47618
2019  309   10.73468
2019  310   10.72945
2019  311    9.67183
2019  312    9.66947
2019  313    9.62251
2019  314    9.71076
2019  315    9.79746
2019  316   10.46341
2019  317   11.15650
2019  318   10.91051
2019  319    9.00317
2019  320    7.45629
2019  321    7.51085
2019  322    9.42664
2019  323   10.47489
2019  324   10.54143
2019  325   10.69406
2019  326   10.68177
2019  327   10.74078
2019  328   10.78867
2019  329   10.86364
2019  330   10.92147
2019  331    9.92946
2019  332    7.87344
2019  333    9.20386
2019  334   12.28076
2019  335   12.64356
2019  336   12.81378
2019  337   12.82893
2019  338   12.54608
2019  339   12.15662
2019  340   12.43274
2019  341   12.72118
2019  342   12.64216
2019  343   12.37947
2019  344   12.30065
2019  345   12.21889
2019  346   11.95690
2019  347   11.97666
2019  348   11.99962
2019  349   11.99865
2019  350   12.28222
2019  351   12.52215
2019  352   12.35160
2019  353   11.78343
2019  354    9.16183
2019  355    9.11187
2019  356    9.20075
2019  357   10.48785
2019  358   11.84545
2019  359   12.21936
2019  360   12.32547
2019  361   12.36088
2019  362   12.58881
2019  363   13.28017
2019  364   13.83981
2019  365   14.10049
