2020    1   14.14854
2020    2   14.13117
2020    3   14.11018
2020    4   14.07427
2020    5   13.83921
2020    6   13.02721
2020    7   12.35618
2020    8   13.52897
2020    9   13.88652
2020   10   14.18863
2020   11   14.02574
2020   12   13.97582
2020   13   14.14202
2020   14   14.18970
2020   15   14.20129
2020   16   14.25473
2020   17   14.29611
2020   18   14.26227
2020   19   14.26218
2020   20   14.39940
2020   21   14.49416
2020   22   14.44632
2020   23   14.42522
2020   24   14.40383
2020   25   14.37317
2020   26   14.33949
2020   27   14.28706
2020   28   14.26276
2020   29   14.22772
2020   30   14.17906
2020   31   14.12389
2020   32   14.08999
2020   33   14.07668
2020   34   14.10413
2020   35   14.14445
2020   36   14.12852
2020   37   14.06667
2020   38   13.99464
2020   39   13.93839
2020   40   13.93343
2020   41   14.04756
2020   42   14.15329
2020   43   14.12460
2020   44   14.02542
2020   45   13.94232
2020   46   13.90380
2020   47   13.83612
2020   48   13.74212
2020   49   13.93731
2020   50   13.95567
2020   51   13.91736
2020   52   13.88470
2020   53   13.81374
2020   54   13.72599
2020   55   13.55688
2020   56   13.43257
2020   57   13.45855
2020   58   13.47290
2020   59   13.43929
2020   60   13.38157
2020   61   13.30071
2020   62   13.29089
2020   63   13.28572
2020   64   13.18524
2020   65   13.06439
2020   66   13.00329
2020   67   12.83184
2020   68   12.68181
2020   69   12.64231
2020   70   12.75627
2020   71   12.72884
2020   72   12.64934
2020   73   12.60343
2020   74   12.56225
2020   75   12.50755
2020   76   12.42751
2020   77   12.36741
2020   78   12.39503
2020   79   12.63351
2020   80   12.60712
2020   81   12.54376
2020   82   12.48992
2020   83   12.43184
2020   84   12.36801
2020   85   12.26730
2020   86   12.00865
2020   87   11.85088
2020   88   11.77340
2020   89   11.73426
2020   90   11.66424
2020   91   11.50362
2020   92   11.33305
2020   93   11.06195
2020   94   10.93549
2020   95   10.93764
2020   96   10.89378
2020   97   10.80111
2020   98   10.57060
2020   99   10.56681
2020  100   10.44239
2020  101   10.35210
2020  102   10.28387
2020  103   10.22867
2020  104   10.13260
2020  105    9.89435
2020  106    9.73887
2020  107    9.78256
2020  108    9.78962
2020  109    9.66307
2020  110    9.59510
2020  111    9.40709
2020  112    9.09609
2020  113    8.91287
2020  114    9.17183
2020  115    9.28904
2020  116   10.21927
2020  117   10.60737
2020  118   10.54493
2020  119   10.44994
2020  120   10.31312
2020  121   10.17182
2020  122   10.21582
2020  123   10.28213
2020  124   10.15937
2020  125   10.21415
2020  126   10.12045
2020  127   10.00027
2020  128    9.68577
2020  129    9.34944
2020  130    9.12378
2020  131    8.99921
2020  132    8.86344
2020  133    8.66091
2020  134    8.70943
2020  135    8.70947
2020  136    8.58748
2020  137    8.52738
2020  138    9.33819
2020  139    9.38582
2020  140    9.42388
2020  141    9.31220
2020  142    9.27289
2020  143    9.25295
2020  144    9.29583
2020  145    9.24936
2020  146    9.11152
2020  147    8.95383
2020  148    8.69933
2020  149    8.51157
2020  150    8.60429
2020  151    8.39754
2020  152    8.11958
2020  153    7.84475
2020  154    7.64805
2020  155    7.70753
2020  156    8.14476
2020  157    8.07015
2020  158    8.38738
2020  159    8.38553
2020  160    8.47523
2020  161    8.52628
2020  162    8.30991
2020  163    8.00024
2020  164    7.69269
2020  165    7.78230
2020  166    7.62900
2020  167    7.15417
2020  168    6.91524
2020  169    6.94896
2020  170    6.90974
2020  171    6.83699
2020  172    6.87518
2020  173    6.97236
2020  174    7.15448
2020  175    7.88872
2020  176    7.67730
2020  177    7.54327
2020  178    7.24337
2020  179    7.11961
2020  180    7.52551
2020  181    7.27178
2020  182    6.93334
2020  183    6.44572
2020  184    5.92273
2020  185    6.06477
2020  186    6.08213
2020  187    6.06376
2020  188    6.02908
2020  189    6.00287
2020  190    5.96141
2020  191    5.88012
2020  192    5.74335
2020  193    5.81679
2020  194    6.14955
2020  195    6.05512
2020  196    5.98545
2020  197    5.95038
2020  198    5.82347
2020  199    5.50276
2020  200    5.28685
2020  201    5.19385
2020  202    5.12912
2020  203    5.86595
2020  204    6.56156
2020  205    6.43241
2020  206    6.11153
2020  207    5.85373
2020  208    5.75641
2020  209    5.53204
2020  210    5.35623
2020  211    5.26304
2020  212    5.47035
2020  213    5.39978
2020  214    5.28066
2020  215    5.14370
2020  216    4.96678
2020  217    4.78229
2020  218    4.77182
2020  219    4.67541
2020  220    4.65761
2020  221    4.60688
2020  222    4.64544
2020  223    4.88678
2020  224    4.65813
2020  225    4.55891
2020  226    4.57463
2020  227    4.59489
2020  228    4.58576
2020  229    4.56185
2020  230    4.57705
2020  231    4.72710
2020  232    4.56357
2020  233    4.55502
2020  234    4.53057
2020  235    4.53517
2020  236    4.51542
2020  237    4.56372
2020  238    4.55629
2020  239    4.57187
2020  240    4.51930
2020  241    4.56114
2020  242    4.55639
2020  243    4.51050
2020  244    4.57308
2020  245    4.56072
2020  246    4.55477
2020  247    4.52944
2020  248    4.54110
2020  249    4.52053
2020  250    4.60928
2020  251    4.61230
2020  252    4.88542
2020  253    4.86486
2020  254    4.67629
2020  255    4.76458
2020  256    4.94065
2020  257    4.76189
2020  258    4.78061
2020  259    4.72761
2020  260    4.72325
2020  261    4.79355
2020  262    5.16082
2020  263    5.16745
2020  264    5.18028
2020  265    5.19636
2020  266    5.21344
2020  267    5.23336
2020  268    5.25106
2020  269    5.27024
2020  270    5.28897
2020  271    5.30882
2020  272    5.34421
2020  273    5.35435
2020  274    5.37140
2020  275    5.38719
2020  276    5.41267
2020  277    5.44218
2020  278    5.48092
2020  279    5.51784
2020  280    5.55011
2020  281    5.58777
2020  282    5.62154
2020  283    5.65616
2020  284    5.68958
2020  285    5.72939
2020  286    5.76612
2020  287    5.80072
2020  288    5.83767
2020  289    5.86128
2020  290    5.89752
2020  291    5.93236
2020  292    5.98232
2020  293    6.02982
2020  294    6.18895
2020  295    6.17138
2020  296    6.14552
2020  297    6.21981
2020  298    6.23680
2020  299    6.26388
2020  300    6.31220
2020  301    6.35949
2020  302    6.41015
2020  303    6.48985
2020  304    6.52784
2020  305    6.58889
2020  306    6.61486
2020  307    6.65242
2020  308    6.69981
2020  309    6.75681
2020  310    6.80259
2020  311    6.85354
2020  312    6.91691
2020  313    6.97867
2020  314    7.04058
2020  315    7.13478
2020  316    7.16099
2020  317    7.22343
2020  318    7.23757
2020  319    7.30825
2020  320    7.39932
2020  321    7.34486
2020  322    7.37427
2020  323    7.43072
2020  324    7.48230
2020  325    7.53960
2020  326    7.59503
2020  327    7.72256
2020  328    7.73238
2020  329    7.83344
2020  330    8.04226
2020  331    7.93825
2020  332    7.97297
2020  333    8.00601
2020  334    8.05170
2020  335    8.09924
2020  336    8.14293
2020  337    8.19688
2020  338    8.25539
2020  339    8.29074
2020  340    8.33580
2020  341    8.38679
2020  342    8.44020
2020  343    8.49159
2020  344    8.54677
2020  345    8.59695
2020  346    8.65380
2020  347    8.98023
2020  348    8.80770
2020  349    8.82883
2020  350    8.86144
2020  351    8.91455
2020  352    8.97888
2020  353    9.04094
2020  354    9.08761
2020  355    9.12595
2020  356    9.16494
2020  357    9.20089
2020  358    9.26764
2020  359    9.31663
2020  360    9.33418
2020  361    9.38126
2020  362    9.43245
2020  363    9.48249
2020  364    9.52556
2020  365    9.63896
2020  366    9.65051